   2.3125493e+01   9.9032076e+01
   2.1815253e+01   1.4057813e+02
   1.4375326e+02   8.6226989e+01
   9.0440731e+01   1.1752871e+02
   6.2554935e+01   1.2951067e+02
   2.9737612e+01   2.9468858e+01
   5.3426269e+01   7.6581915e+01
   2.8733482e+01   4.1686181e+01
   5.5330226e+01   1.7043774e+02
   1.4279684e+02   9.6612527e+01
   1.1825797e+02   1.2661635e+01
   4.9092667e+01   7.7042814e+01
   1.3600194e+02   1.0857868e+02
   1.8031458e+02   1.8124576e+02
   1.3147121e+02   1.0360687e+02
   4.0865579e+01   1.5551730e+01
   1.6414190e+01   1.6931595e+02
   5.1822456e+01   1.8720387e+01
   3.7436010e+01   7.4550835e+01
   1.4258308e+02   1.5869677e+02
   1.2924611e+02   1.3786541e+02
   6.0967099e+01   1.0790623e+02
   1.3874252e+02   1.7620455e+02
   1.1859470e+02   8.5278477e+01
   2.0017239e+01   1.8186916e+02
   7.6119292e+01   3.1275959e+01
   1.3023100e+02   4.5681602e+01
   5.6470081e+01   7.3545425e+01
   7.8617512e+01   9.7774036e+01
   1.4021148e+02   1.6565784e+02
   1.0272326e+02   1.7833982e+02
   1.3726344e+02   9.6182369e+01
   7.5533721e+01   1.2391663e+02
   1.2344000e+02   1.7141298e+02
   1.3969567e+02   7.0245877e+01
   1.6204490e+02   1.0255694e+02
   1.5173981e+02   8.3366948e+01
   1.6525787e+02   1.3343110e+02
   9.8671933e+01   1.4193284e+02
   2.6074066e+01   3.4922897e+01
   1.3468283e+02   1.3944035e+02
   1.6582074e+02   6.8317911e+01
   9.9869344e+01   1.2980509e+02
   2.5666039e+01   1.4876238e+02
   1.5554714e+02   9.6556434e+01
   7.4477887e+01   1.7897065e+02
   4.7607507e+01   2.7480954e+01
   1.1130162e+02   4.0142900e+01
   1.4298768e+02   1.8189524e+02
   5.0418515e+01   6.1525821e+01
   5.3964858e+01   9.6972119e+01
   4.6408421e+01   6.8747397e+01
   3.7123479e+01   9.3109733e+01
   1.2804580e+02   2.3852108e+01
   7.3093875e+01   4.8289690e+01
   1.6770991e+02   1.0970375e+02
   1.6912795e+02   7.4004267e+01
   1.8751093e+02   1.5786574e+02
   1.6496382e+02   4.0519719e+01
   6.5333610e+01   1.4365487e+02
   1.6207620e+02   1.8783225e+02
   3.8161585e+01   1.6680779e+02
   1.4882887e+02   1.3650433e+02
   9.9245994e+01   5.0501325e+01
   1.3718787e+02   3.1201543e+01
   5.8971710e+01   9.2844880e+01
   2.7755129e+01   6.8355709e+01
   9.6476615e+01   5.6088106e+01
   4.3328744e+01   1.2418089e+02
   1.1812481e+02   4.6625774e+01
   1.6990858e+01   1.8458652e+02
   4.7791929e+01   9.4459393e+01
   1.3769458e+02   8.2220971e+01
   5.6283424e+01   5.7820351e+01
   6.6602453e+01   1.8403739e+02
   1.1513565e+02   4.1582463e+01
   1.8523221e+01   6.8217362e+01
   7.0357221e+01   9.3601631e+01
   1.0959626e+02   1.6555407e+02
   5.0997579e+01   1.0715733e+02
   1.0423198e+02   4.2564099e+01
   4.3557139e+01   1.8889034e+02
   1.6620656e+02   1.2596435e+02
   1.1111698e+02   2.8401193e+01
   1.2211358e+02   5.3079195e+01
   1.6080759e+02   9.2961584e+01
   3.7880735e+01   8.5509565e+01
   1.3225820e+02   7.2028435e+01
   4.5295659e+01   1.6485895e+02
   5.9993398e+01   1.3491646e+02
   7.0719223e+01   1.2773562e+02
   8.9743205e+01   1.4217383e+02
   1.0172122e+02   1.3790083e+02
   9.4093550e+01   9.0573069e+01
   1.2740846e+01   1.1678290e+02
   1.4603846e+02   4.0388973e+01
   4.7353217e+01   1.7128943e+02
   1.0837707e+02   1.5524165e+02
   9.4134744e+01   1.8265271e+01
   1.0955034e+02   1.2323421e+02
   1.1590462e+02   6.2744059e+01
   8.2472442e+01   1.7564975e+02
   1.5415258e+01   1.4328804e+02
   1.7932235e+01   5.2802494e+01
   1.6838752e+02   5.3682045e+01
   1.5914374e+02   8.1541391e+01
   7.8125528e+01   3.9432384e+01
   1.0071257e+02   3.6155353e+01
   7.3014989e+01   1.0545240e+01
   1.2428319e+02   8.7570610e+01
   1.7458323e+02   1.4196551e+02
   1.7559118e+02   1.2241654e+02
   2.7862850e+01   1.4425486e+02
   2.6566155e+01   8.8359967e+01
   1.8674112e+02   1.7070487e+02
   1.0106206e+02   1.2269777e+02
   9.8725546e+01   6.9569767e+01
   1.0439392e+01   1.6114048e+02
   9.5014877e+01   1.8105432e+02
   1.1555722e+02   5.7049909e+01
   2.2202759e+01   2.4531385e+01
   1.2937288e+02   1.4994518e+02
   4.5575660e+01   8.6573522e+01
   1.2758669e+02   1.8088420e+02
   8.5613100e+01   4.1999087e+01
   6.6696305e+01   3.6698764e+01
   4.1547522e+01   7.1658255e+01
   1.4093100e+02   6.6152602e+01
   1.0570320e+02   5.8949788e+01
   1.0386900e+02   1.8487471e+02
   2.0966302e+01   5.4983491e+01
   1.5867281e+02   7.0430585e+01
   4.9883434e+01   3.9901648e+01
   6.6106295e+01   7.4240316e+01
   6.8308071e+01   6.0043404e+01
   6.3199872e+01   7.8760644e+01
   1.4410184e+02   5.2962752e+01
   3.2734842e+01   6.4720864e+01
   4.6713694e+01   1.1094156e+02
   1.4576756e+02   1.3936246e+02
   1.4114790e+02   1.4538119e+02
   9.0842958e+01   5.0043399e+01
   1.7702941e+02   1.8867853e+02
   1.4886143e+02   1.2792522e+02
   1.0469427e+02   7.3111420e+01
   1.7760271e+02   9.3729288e+01
   1.0903736e+02   1.1212125e+01
   6.4957316e+01   1.0877739e+02
   5.7751895e+01   1.2190988e+02
   1.6742202e+02   1.4576464e+02
   1.3473046e+02   1.3231306e+02
   1.0367897e+02   8.6940227e+01
   2.8135362e+01   1.8991330e+02
   1.3722155e+02   1.0339926e+02
   2.5767530e+01   1.7389166e+02
   9.4086891e+01   1.0877897e+02
   1.6324136e+01   3.2074965e+01
   9.1292161e+01   4.1867464e+01
   7.9678750e+01   4.7353857e+01
   7.3180255e+01   1.6559996e+02
   1.0980409e+02   1.8290412e+02
   1.7531081e+02   1.4655115e+02
   5.2939843e+01   1.3707186e+02
   2.5878586e+01   4.8514527e+01
   5.3348153e+01   5.4112358e+01
   1.2042577e+02   2.7265431e+01
   9.2470362e+01   1.6302735e+02
   4.3673485e+01   1.8084130e+02
   1.2786604e+02   1.6674317e+02
   1.5375769e+02   1.4909398e+02
   1.4940194e+02   1.0694995e+01
   1.5618313e+02   1.9059706e+01
   1.7930614e+02   3.7829671e+01
   1.4093252e+02   3.7844567e+01
   2.1414287e+01   7.9280509e+01
   9.2389738e+01   2.8058759e+01
   5.9581053e+01   1.3953430e+02
   7.5076518e+01   7.9400154e+01
   2.6696528e+01   1.8308061e+02
   1.2437519e+02   1.5372444e+02
   1.6990877e+02   6.4233702e+01
   6.1274452e+01   5.3452232e+01
   1.5999938e+02   1.0555775e+02
   8.6006123e+01   8.4437171e+01
   1.5870641e+02   1.3987862e+02
   1.1768399e+02   6.6685084e+01
   3.9047823e+01   2.5065299e+01
   3.8520345e+01   1.5020198e+02
   1.5789315e+01   1.6472763e+02
   1.0654259e+01   1.6662028e+02
   1.0870761e+01   1.5369230e+02
   5.9552634e+01   1.6909830e+01
   5.1452529e+01   1.2512601e+02
   5.0671993e+01   3.0001379e+01
   2.5302308e+01   1.1205260e+02
   1.6510856e+02   3.2763858e+01
   1.4130441e+02   4.3966625e+01
   4.0633461e+01   3.9846286e+01
   1.6624204e+02   6.4417589e+01
   5.7827335e+01   5.0339940e+01
   1.7925261e+02   1.6336087e+02
   1.1248414e+02   1.6342494e+01
   1.3129568e+02   1.6309838e+02
   3.9961021e+01   7.8127702e+01
   2.4245511e+01   1.7830019e+02
   1.8580338e+02   1.4262022e+02
   1.0865598e+02   1.4888537e+02
   5.9497062e+01   4.1702857e+01
   1.3089586e+02   3.9104754e+01
   6.1741697e+01   8.9593606e+01
   1.1670208e+02   2.8044008e+01
   1.4311567e+02   3.3324650e+01
   1.5034421e+02   1.5956350e+02
   1.8543445e+02   5.9252492e+01
   1.8892422e+02   1.8531369e+02
   1.4211689e+02   1.3099998e+02
   1.4482222e+02   1.2632153e+02
   3.8405086e+01   1.7128591e+02
   5.0497142e+01   1.6452034e+02
   1.6725782e+02   1.6346526e+01
   7.6884798e+01   1.6679701e+01
   5.2516404e+01   8.7945383e+01
   1.8772918e+02   4.1915884e+01
   1.4680756e+02   1.0623317e+02
   1.1878500e+02   3.8686410e+01
   1.4624657e+02   1.7012735e+02
   1.6225655e+02   6.4354642e+01
   2.5891988e+01   3.0002396e+01
   1.5973733e+02   1.2834282e+02
   1.4004824e+02   1.2519792e+02
   9.3179674e+01   4.5811322e+01
   5.6167242e+01   4.6924339e+01
   8.8029575e+01   1.5105576e+02
   7.6453497e+01   4.3939438e+01
   1.3897943e+02   1.5984746e+02
   3.0248938e+01   1.7359021e+01
   2.2323089e+01   4.0191195e+01
   1.3807589e+02   1.1821102e+02
   1.8075589e+02   1.4533276e+02
   6.1862757e+01   9.8799937e+01
   2.1382633e+01   9.0044878e+01
   1.5289214e+02   1.7413359e+02
   1.6344529e+02   3.6740427e+01
   1.6162479e+01   1.5131865e+02
   1.2351713e+02   1.1052597e+02
   1.7056577e+02   1.0620263e+02
   1.3349666e+02   1.8165385e+02
   6.5895990e+01   4.7069487e+01
   1.1404095e+02   1.5550303e+02
   7.4601018e+01   1.7498608e+02
   3.7622863e+01   6.8394962e+01
   1.2388872e+01   3.3311129e+01
   1.7449254e+02   4.4666485e+01
   8.8831006e+01   6.8987319e+01
   1.4630351e+02   4.4727982e+01
   1.3937169e+02   4.9243365e+01
   2.9431177e+01   1.2662439e+02
   1.7746405e+02   1.0202780e+02
   1.3382618e+02   7.8954095e+01
   1.1268163e+02   4.9955632e+01
   7.2020943e+01   1.8698778e+02
   8.3999803e+01   1.3292596e+02
   3.1864767e+01   1.0100556e+02
   1.4584999e+02   5.9388327e+01
   3.5389492e+01   4.9034567e+01
   5.8471887e+01   1.8790579e+02
   1.6809518e+02   4.8974056e+01
   1.7599640e+02   1.7217535e+02
   1.0022345e+02   1.7254941e+02
   1.5369429e+02   3.7996193e+01
   1.3562106e+02   1.4455889e+02
   7.8414305e+01   1.0804243e+02
   1.8060035e+02   1.2088679e+02
   1.5724877e+02   1.1063177e+02
   6.1222825e+01   1.5591880e+02
   1.2364310e+02   4.6759572e+01
   1.2670401e+02   1.4543317e+02
   7.9946380e+01   1.4670785e+01
   6.1660720e+01   1.7167491e+02
   1.1801774e+02   2.0195060e+01
   1.3582476e+02   3.4841420e+01
   1.2498436e+02   1.3584537e+02
   1.5341470e+02   1.2645179e+02
   1.8049962e+02   1.6810358e+02
   1.4303357e+02   8.1971396e+01
   7.8114203e+01   6.7490134e+01
   4.7166406e+01   1.4604223e+02
   1.8142192e+02   8.5935653e+01
   7.6987938e+01   1.8719618e+02
   1.4026361e+02   1.8751565e+02
   1.4933021e+02   9.1765496e+01
   8.8474911e+01   1.3045691e+01
   1.5115485e+02   1.3359641e+02
   1.7121310e+02   8.3091475e+01
   1.1288743e+02   1.3934605e+02
   1.2568937e+02   1.1635257e+02
   1.4362813e+02   1.5061752e+02
   4.8986593e+01   1.8299898e+02
   5.0415653e+01   1.1362625e+02
   1.0926205e+02   1.2727021e+02
   1.4240190e+02   7.4391184e+01
   9.4178325e+01   1.8787054e+02
   8.6722527e+01   1.3716490e+02
   5.1327684e+01   2.4365464e+01
   1.3875557e+01   1.8913935e+02
   9.2116360e+01   1.2762054e+02
   1.5088360e+02   9.7537917e+01
   6.9615648e+01   7.5760498e+01
   1.0501783e+02   1.8135244e+02
   5.1037144e+01   1.5606839e+02
   9.1257138e+01   1.3848187e+02
   1.7354342e+02   9.4561748e+01
   6.4004158e+01   5.8659950e+01
   2.0961345e+01   2.8765164e+01
   1.2754539e+02   8.3413488e+01
   3.3064260e+01   1.6549594e+02
   2.6523504e+01   1.4053581e+02
   2.4049152e+01   5.9447875e+01
   1.8449651e+02   1.6384997e+02
   1.2740285e+02   6.0716902e+01
   9.1187251e+01   2.3437217e+01
   1.0882709e+02   4.7342606e+01
   1.0513042e+02   1.6425382e+02
   2.6219220e+01   8.4190532e+01
   5.0368258e+01   1.7407574e+02
   1.1245721e+02   6.6341667e+01
   6.2733750e+01   2.2263627e+01
   3.4778663e+01   1.2474684e+02
   9.8269573e+01   1.1430146e+02
   1.1925768e+02   6.1371946e+01
   9.0483394e+01   6.0207114e+01
   1.7564917e+02   1.8336846e+02
   1.5419111e+02   1.5898280e+02
   1.0359490e+02   1.5804094e+02
   1.3637746e+02   1.1496281e+02
   9.6132723e+01   7.7168424e+01
   1.6781466e+02   4.3587447e+01
   1.1113816e+02   1.1216089e+02
   1.7475937e+02   1.3208579e+02
   5.3795337e+01   1.8317436e+02
   1.1543827e+02   1.7153458e+02
   1.6478757e+02   7.4411938e+01
   1.4474267e+02   1.1932941e+02
   1.0084787e+02   2.9556976e+01
   1.0058875e+02   1.1835478e+02
   1.6342386e+02   1.0937320e+01
   1.5003547e+02   5.7945771e+01
   9.2868276e+01   1.5944612e+02
   1.4748918e+02   1.7900789e+02
   1.2464406e+01   1.9000581e+01
   7.4107215e+01   9.9389010e+01
   1.8365550e+02   1.8637863e+02
   4.9642186e+01   1.6812791e+02
   1.6616109e+02   1.7309800e+02
   1.3930142e+02   5.3131133e+01
   6.8800865e+01   6.7522709e+01
   5.5581516e+01   1.9526235e+01
   1.4138046e+02   1.4114951e+02
   1.7855122e+02   1.1615674e+02
   5.6360269e+01   3.2170282e+01
   8.3393692e+01   1.1802528e+02
   1.6492471e+02   2.1667260e+01
   1.4362930e+02   1.0913483e+02
   9.4738189e+01   9.6694516e+01
   4.7644759e+01   1.2991285e+02
   1.2005569e+02   1.8653221e+02
   2.4393399e+01   1.2025473e+02
   1.9921242e+01   1.4480897e+02
   1.7804116e+02   1.6866701e+01
   3.4572916e+01   4.2553721e+01
   1.1012551e+02   1.5934876e+02
   1.2077109e+02   1.6856365e+01
   2.2578264e+01   1.3000724e+02
   1.7202529e+02   1.8927230e+02
   1.3070340e+02   1.7792661e+02
   1.0938109e+02   1.3445062e+02
   9.7054441e+01   4.1010897e+01
   7.7567226e+01   1.5083203e+02
   5.2652458e+01   1.4913706e+02
   3.2522905e+01   7.8990130e+01
   1.5777295e+02   5.7035710e+01
   2.5684445e+01   1.6728092e+01
   7.9102402e+01   1.3658191e+02
   1.6295870e+02   1.5620692e+02
   1.5106893e+01   1.2488263e+02
   1.3457130e+02   1.8586594e+02
   1.4798143e+02   7.6653197e+01
   1.8335513e+02   1.0689599e+02
   7.3486982e+01   1.4689167e+02
   1.8681089e+02   7.8651218e+01
   1.8620018e+02   2.4617237e+01
   9.6922693e+01   2.4491874e+01
   1.4729254e+01   1.1119913e+02
   8.5305609e+01   5.2031779e+01
   2.1444512e+01   1.2442911e+01
   6.0159952e+01   8.3380380e+01
   6.8721887e+01   1.7181147e+02
   8.3631436e+01   1.2652430e+02
   1.3678293e+02   2.6936396e+01
   7.3042080e+01   1.3696983e+02
   8.2355760e+01   6.6476091e+01
   3.1216215e+01   1.2785768e+01
   1.4067358e+02   5.6552247e+01
   6.3868906e+01   1.1337838e+02
   1.8310476e+02   1.7857521e+02
   1.4212626e+02   1.5478706e+02
   4.5229823e+01   9.9956840e+01
   1.5003642e+02   1.4496309e+02
   1.7974992e+01   4.4953265e+01
   1.1959646e+02   9.5847267e+01
   1.3489439e+02   8.6563789e+01
   8.4535645e+01   3.0882455e+01
   3.5885147e+01   3.3501517e+01
   1.5069650e+02   1.0735133e+02
   1.6407479e+02   1.7794642e+02
   7.2382022e+01   1.0751339e+02
   1.6518424e+02   2.6413737e+01
   2.2443799e+01   1.8882094e+02
   8.1295832e+01   1.5966684e+02
   1.1843746e+02   1.1942053e+02
   1.7187202e+02   1.7299848e+02
   1.4862961e+02   1.5046220e+02
   7.1572988e+01   3.2236627e+01
   1.0526758e+02   1.1860244e+02
   1.2743363e+01   6.6597723e+01
   1.2019257e+02   9.9463361e+01
   8.4030788e+01   1.0704929e+02
   3.5538285e+01   8.1641569e+01
   7.0498495e+01   1.8301304e+02
   7.4968234e+01   8.7255098e+01
   7.0633904e+01   8.5311530e+01
   1.4826474e+02   2.1654188e+01
   1.8893991e+02   1.2367822e+02
   1.8753331e+02   1.7999408e+02
   3.4857660e+01   1.3965213e+02
   1.8558908e+02   2.8206192e+01
   1.2770025e+02   1.2096269e+02
   6.9901840e+01   8.9630320e+01
   4.5987869e+01   1.5741651e+02
   1.1761653e+02   1.1152401e+02
   8.6048497e+01   6.4091311e+01
   3.2936529e+01   1.1156336e+02
   1.4497415e+02   9.0569871e+01
   5.9863944e+01   7.6682030e+01
   1.7082902e+02   4.0141883e+01
   3.8550081e+01   1.3308848e+02
   1.1722322e+02   1.8210773e+02
   1.2951589e+02   1.1571593e+01
   1.0798992e+02   3.6988744e+01
   9.8688811e+01   1.4563676e+01
   3.7008886e+01   1.7567684e+02
   3.2129318e+01   5.4112136e+01
   1.7868755e+02   1.4951876e+02
   1.5796676e+02   4.0203505e+01
   9.8730353e+01   1.9593876e+01
   8.0015280e+01   1.6971166e+02
   1.2038174e+02   1.4118737e+02
   1.3280885e+02   1.1230068e+02
   1.5817099e+02   8.8546104e+01
   1.0684449e+02   1.4392323e+02
   4.1357551e+01   1.4234249e+02
   1.2714578e+02   1.5676177e+02
   1.7965803e+02   2.9627258e+01
   6.7253452e+01   1.5194826e+02
   2.3247880e+01   6.7839083e+01
   1.4723372e+01   9.4852554e+01
   1.2975042e+02   1.2397459e+02
   3.3946582e+01   1.5498776e+02
   1.5334246e+02   1.1174658e+01
   1.9695506e+01   1.3730083e+02
   2.9371147e+01   1.6632334e+02
   1.3084814e+02   1.7246007e+02
   1.3954311e+02   2.3292255e+01
   8.5466283e+01   1.7360954e+02
   1.5985445e+02   1.6439221e+01
   1.7527700e+02   1.5388752e+02
   2.7810688e+01   6.4051959e+01
   1.8730575e+02   4.5520447e+01
   1.2596721e+02   2.7882387e+01
   1.2670729e+02   4.2852978e+01
   1.2178253e+02   1.4605172e+02
   2.4064674e+01   9.5458157e+01
   1.0931725e+02   8.5721082e+01
   3.7176879e+01   1.8901317e+02
   1.6497908e+02   1.6148836e+02
   4.1093729e+01   3.3804960e+01
   1.6263527e+02   9.6447261e+01
   1.7591548e+02   3.2555650e+01
   1.2566138e+02   3.7785030e+01
   1.8845964e+02   5.4754117e+01
   1.6334400e+02   1.5119663e+02
   1.7161811e+02   1.6157527e+02
   2.7836376e+01   2.6286101e+01
   1.5228861e+02   1.0375542e+02
   7.2105105e+01   5.8008625e+01
   1.0211554e+01   3.7002816e+01
   1.1864921e+01   1.7789088e+02
   1.8439780e+02   1.2559846e+02
   8.1989287e+01   1.5601885e+02
   4.7567625e+01   1.5102734e+02
