   1.1433557e+02   7.4583940e+01
   4.8214565e+01   6.9327505e+01
   1.1009546e+02   1.6608176e+02
   1.0089958e+02   6.4773979e+01
   1.5223637e+02   2.1041108e+01
   1.3464107e+02   1.4814593e+02
   1.8790098e+01   4.5087850e+01
   1.7179115e+01   1.8361967e+02
   4.8201003e+01   1.1907667e+02
   2.6202624e+01   3.3840148e+01
   8.8723007e+01   1.5051278e+02
   1.5385050e+02   1.7796982e+02
   7.8873254e+01   1.2318926e+02
   1.6272101e+02   1.2707411e+02
   8.6524678e+01   1.0405374e+02
   1.7497398e+02   3.9890022e+01
   1.0588250e+02   1.6993136e+02
   1.5298597e+02   3.5121630e+01
   1.2485042e+02   1.8443561e+02
   1.7677670e+02   1.7019907e+02
   1.5997360e+02   1.0771417e+01
   1.7425857e+02   1.0394436e+01
   4.2729002e+01   4.0359819e+01
   1.7357114e+02   1.3655361e+02
   1.6916131e+02   3.7101649e+01
   4.4515848e+01   1.3155704e+02
   1.1350865e+02   3.1246745e+01
   1.0672328e+01   1.0593437e+01
   3.9480050e+01   1.0127425e+02
   1.4737354e+01   1.1088908e+02
   1.7920410e+02   1.0679717e+02
   1.8383458e+02   5.8642372e+01
   1.0836183e+02   1.8012369e+02
   5.9081218e+01   4.3476578e+01
   1.1303989e+02   6.1446413e+01
   3.4891607e+01   1.2304566e+02
   9.7771420e+01   1.0578817e+02
   1.2477204e+02   1.5684653e+02
   6.8915203e+01   1.4356580e+02
   1.0086249e+02   1.0015279e+02
   1.2160549e+02   9.1401004e+01
   1.2534579e+02   3.4248756e+01
   1.8063007e+02   1.1626578e+02
   1.8360360e+02   6.1161753e+01
   1.6708147e+02   1.7755351e+02
   1.5495726e+02   3.0483251e+01
   5.8370852e+01   1.5939758e+02
   1.0968507e+02   6.2032769e+01
   5.1091601e+01   1.1587110e+02
   7.5332217e+01   1.8829184e+02
   3.5238183e+01   4.8432406e+01
   6.2486829e+01   1.2081006e+02
   1.1291238e+02   1.2855074e+02
   1.1954199e+02   1.6281655e+02
   8.7477654e+01   1.5441603e+02
   7.1312457e+01   1.0300209e+02
   8.1670153e+01   1.1827113e+02
   6.6925523e+01   5.8124336e+01
   1.3796403e+02   1.2800476e+02
   4.0176996e+01   1.4608259e+01
   5.3170100e+01   2.6252682e+01
   1.6354886e+02   3.9995943e+01
   1.4766763e+02   4.8776637e+01
   1.7548409e+02   1.2962737e+02
   1.2977374e+02   1.6786901e+02
   8.1303023e+01   1.7451492e+02
   1.6704243e+02   1.8323464e+02
   1.7602913e+02   7.4544647e+01
   1.5070244e+02   5.3504415e+01
   5.1623594e+01   1.8658498e+01
   3.1176049e+01   9.6888678e+01
   5.5613923e+01   1.5420154e+02
   8.8211698e+01   4.3732433e+01
   8.0040776e+01   1.3902709e+02
   1.9818416e+01   7.1026602e+01
   4.6704465e+01   4.0818927e+01
   1.2690001e+02   1.3207397e+02
   2.3027170e+01   9.8470526e+01
   1.1509838e+02   1.3719473e+02
   2.7178961e+01   1.7347629e+02
   1.3051691e+02   4.0700950e+01
   1.6654177e+02   1.7289969e+02
   1.2110758e+02   8.2781336e+01
   1.8500780e+02   1.0106769e+01
   1.3083940e+02   7.6253555e+01
   1.2213338e+02   1.1413649e+02
   1.0408456e+02   1.0644951e+02
   4.4824152e+01   5.0028671e+01
   7.0905671e+01   9.4730428e+01
   1.2178585e+02   1.7083240e+02
   5.4858810e+01   1.7481912e+01
   8.0200537e+01   1.6581065e+02
   1.8703339e+02   1.1266242e+02
   4.4054719e+01   9.4727015e+01
   1.8462201e+02   2.4366772e+01
   1.6243542e+02   1.4873570e+02
   1.9222363e+01   1.5199379e+02
   7.3349298e+01   1.1085912e+02
   1.0857758e+02   2.6120212e+01
   1.0337959e+01   1.6140509e+02
   5.3783319e+01   1.0639919e+02
   2.2671445e+01   1.6955822e+02
   1.6323925e+02   1.6358652e+02
   1.5387694e+02   1.2720684e+02
   6.8179704e+01   9.4789187e+01
   9.8135969e+01   1.3137400e+02
   1.0513134e+02   6.8071236e+01
   1.8820370e+02   1.6133114e+02
   1.1823405e+02   7.0399153e+01
   1.0097731e+02   1.7314485e+02
   1.7456789e+02   1.9699920e+01
   1.8495988e+02   3.6363527e+01
   1.5230847e+02   6.8305019e+01
   1.3163403e+02   1.1419966e+02
   9.0916700e+01   5.7848908e+01
   7.6643353e+01   6.2477740e+01
   9.6308142e+01   1.2411439e+02
   1.9540426e+01   1.1308118e+01
   1.6392534e+02   5.8986373e+01
   3.7128585e+01   1.0901482e+02
   1.0223036e+02   1.3963976e+02
   1.2333444e+02   1.4293747e+02
   9.6341795e+01   7.7086237e+01
   1.2892651e+02   4.9689908e+01
   6.3035073e+01   9.6752414e+01
   1.5970065e+02   5.4940492e+01
   3.2005983e+01   8.8073404e+01
   8.1451893e+01   9.5663393e+01
   3.4038529e+01   1.5997744e+02
   1.3855123e+02   9.3260054e+01
   1.1790641e+02   1.4987524e+02
   1.2925683e+02   9.9238385e+01
   4.9313684e+01   9.4643217e+01
   9.3210131e+01   1.6756394e+02
   9.3413721e+01   5.7258541e+01
   1.6624124e+02   5.0778632e+01
   4.3080734e+01   1.0749838e+02
   6.2832235e+01   5.2751490e+01
   9.6378513e+01   9.9807052e+01
   9.2380616e+01   2.3239240e+01
   1.3577124e+02   1.7758790e+02
   9.6554424e+01   1.7814465e+02
   1.7337715e+02   1.7216219e+02
   1.7786981e+02   6.4688504e+01
   1.7477386e+02   1.2589414e+02
   7.2614713e+01   1.5901754e+02
   1.1123556e+02   1.0143481e+02
   1.1598306e+02   2.1438367e+01
   4.4849322e+01   1.5171147e+02
   7.7912055e+01   3.5378477e+01
   1.6322938e+02   1.3160216e+02
   1.0194434e+02   4.7305689e+01
   1.4896604e+02   6.4918444e+01
   1.3121354e+01   8.8984161e+01
   1.1832209e+02   1.2446462e+02
   8.4629677e+01   1.0894173e+02
   2.8482360e+01   4.5728785e+01
   1.8681467e+02   1.4609274e+01
   1.1048896e+02   8.8976687e+01
   6.0765139e+01   1.8864627e+02
   3.2871894e+01   1.5365575e+02
   2.2587655e+01   4.9536679e+01
   4.5888869e+01   1.3639240e+02
   2.5487728e+01   1.8498924e+02
   1.9868433e+01   5.0617906e+01
   2.7487221e+01   1.5850339e+02
   1.7329199e+02   1.2268909e+02
   7.6271842e+01   1.6906503e+02
   1.8008922e+02   5.7964525e+01
   2.6844721e+01   1.3285060e+02
   1.3223260e+02   1.8218335e+02
   4.6464424e+01   4.7299124e+01
   5.5310012e+01   1.3440673e+02
   7.4185096e+01   1.6126146e+02
   1.6328418e+02   1.3227360e+01
   1.2861155e+02   8.1886586e+01
   4.5936854e+01   1.7395521e+02
   5.5721432e+01   1.4270286e+02
   1.1696692e+02   1.6443665e+02
   1.0672204e+02   5.8795684e+01
   2.9121620e+01   1.0075320e+02
   1.2450943e+02   4.7845701e+01
   1.5858586e+02   2.7346760e+01
   1.8510793e+02   1.2463941e+02
   1.0190117e+02   8.6192319e+01
   7.2763318e+01   1.3756881e+02
   1.4595506e+02   1.6699565e+02
   1.3276245e+02   1.6528995e+01
   1.2925830e+02   1.5630683e+02
   8.4135777e+01   1.0426028e+02
   1.0582492e+02   1.5889942e+02
   1.0606006e+01   1.4758131e+02
   1.8637133e+02   1.6500133e+02
   1.0247330e+02   4.2195882e+01
   7.8060130e+01   1.4340680e+02
   4.3567473e+01   1.6609755e+01
   1.7762601e+02   3.8800254e+01
   6.2533571e+01   5.0747309e+01
   3.7245319e+01   1.2692823e+02
   2.9247322e+01   1.7715011e+02
   1.7158338e+02   5.7327166e+01
   5.3330262e+01   1.3943406e+02
   4.1364420e+01   7.2854656e+01
   1.8298484e+02   1.0648792e+02
   1.2079321e+02   6.3127007e+01
   2.9627788e+01   1.1170816e+02
   1.4206907e+02   1.8187595e+02
   5.5282216e+01   1.8804560e+02
   1.8371821e+02   7.1666557e+01
   3.3263919e+01   1.4645846e+02
   1.2879828e+02   1.3681433e+02
   1.4798051e+02   6.8341463e+01
   1.1692670e+02   1.1891312e+02
   1.8284291e+02   1.5170288e+02
   4.5406090e+01   1.5082566e+01
   4.3454422e+01   2.6999354e+01
   7.3962686e+01   4.0540174e+01
   1.4014822e+01   1.1847154e+02
   1.7729746e+02   4.8965364e+01
   4.9063901e+01   6.6879855e+01
   6.1280713e+01   1.6476143e+02
   1.2699161e+02   1.2680087e+02
   8.9115269e+01   6.0156687e+01
   3.4684995e+01   5.1697611e+01
   6.6713213e+01   1.5993140e+02
   1.0204713e+02   1.4422374e+02
   1.1781903e+02   3.0258627e+01
   7.1958014e+01   1.7989501e+02
   3.7116013e+01   1.9351243e+01
   4.6775986e+01   1.3486925e+01
   1.0728689e+02   1.3518775e+02
   1.3773473e+02   1.5685280e+02
   2.4324196e+01   5.2349381e+01
   8.7338215e+01   2.3390252e+01
   1.0755862e+02   1.2297353e+02
   1.0258457e+02   1.1856859e+02
   4.9501430e+01   8.8045693e+01
   1.3566830e+02   5.7180404e+01
   5.9781846e+01   1.5022517e+02
   7.0094013e+01   1.4032483e+02
   1.6279339e+02   1.0783956e+02
   1.1819366e+02   1.7910714e+02
   1.6261602e+02   1.5386179e+02
   2.3958712e+01   6.2734672e+01
   1.8175497e+02   9.2389564e+01
   4.7473047e+01   2.1065058e+01
   1.5472154e+02   1.6076578e+02
   2.8953044e+01   1.4445575e+02
   2.0551361e+01   2.2258267e+01
   4.8606496e+01   1.5508423e+02
   1.8857462e+02   3.0081006e+01
   6.3932419e+01   1.2961069e+01
   1.0470021e+02   5.7230318e+01
   2.8523804e+01   7.1387107e+01
   7.4479593e+01   1.7584369e+02
   7.9831098e+01   1.5917799e+02
   1.8398882e+02   1.8531509e+02
   2.7243843e+01   9.5392564e+01
   1.1635601e+02   1.4030273e+01
   5.8479405e+01   6.0483983e+01
   2.7056384e+01   1.6579280e+01
   1.6926831e+01   1.5460234e+02
   1.4550280e+02   8.9045504e+01
   1.4887006e+02   2.2614475e+01
   1.7642396e+02   4.4802049e+01
   1.7607343e+02   1.3749601e+02
   1.7913567e+02   1.0205167e+02
   2.7368587e+01   2.3405167e+01
   3.4754160e+01   3.1096507e+01
   4.2251009e+01   1.6547580e+02
   1.3172238e+02   5.4049059e+01
   8.6665646e+01   1.0704425e+02
   7.3047886e+01   7.9643069e+01
   1.0216679e+02   1.7467455e+01
   4.3289851e+01   1.3499542e+02
   4.0621126e+01   1.7486950e+01
   4.5710103e+01   2.8386527e+01
   4.7784891e+01   1.4574774e+02
   2.1000295e+01   1.1976653e+02
   1.5074846e+02   4.1276116e+01
   7.2751791e+01   1.2561120e+02
   1.8682515e+02   8.2567955e+01
   1.6943478e+02   1.3588421e+02
   2.7334216e+01   1.5294578e+02
   9.5710187e+01   7.3674737e+01
   1.2314880e+02   1.8166193e+01
   6.8003832e+01   4.3349514e+01
   1.4701136e+02   1.0275771e+01
   7.5004047e+01   1.3170490e+02
   1.0993726e+02   1.7239720e+02
   6.4349828e+01   5.9022287e+01
   5.6714235e+01   1.4746207e+02
   7.4930765e+01   5.4433524e+01
   1.7474761e+02   3.8074364e+01
   8.8825120e+01   7.0871522e+01
   1.0681078e+01   4.8082240e+01
   2.4728468e+01   1.3369569e+02
   1.3560978e+02   1.1010727e+02
   2.9550722e+01   9.3646103e+01
   8.3655697e+01   1.6740145e+02
   1.1916944e+02   3.1898516e+01
   1.5448771e+02   6.0110916e+01
   7.7208228e+01   1.0960747e+02
   1.8794549e+02   5.3972506e+01
   7.8395710e+01   6.6434265e+01
   1.4125137e+02   1.8438408e+02
   2.0555209e+01   1.8895966e+02
   1.1252965e+02   1.3642962e+02
   5.5687732e+01   3.6499483e+01
   5.0458364e+01   1.2776577e+02
   7.4817539e+01   5.1338617e+01
   4.8703746e+01   1.3904650e+02
   1.2326478e+02   1.3723264e+01
   6.2426582e+01   1.1565714e+02
   7.2372390e+01   5.3479058e+01
   9.7003059e+01   1.7412836e+02
   1.8962254e+01   1.3113922e+02
   1.7164345e+02   3.1269406e+01
   1.1470463e+02   9.5451855e+01
   1.4126146e+02   1.4212874e+01
   3.7760995e+01   1.7027871e+02
   1.4225163e+02   1.1895536e+02
   1.6814739e+02   4.3284339e+01
   1.2583068e+02   8.6128646e+01
   1.3209749e+02   7.1081636e+01
   4.4493611e+01   1.7963753e+02
   1.4753361e+02   5.1871997e+01
   1.1011536e+02   7.1573379e+01
   1.0601814e+02   1.0730346e+02
   1.4665232e+02   1.2002726e+02
   8.3368496e+01   1.6414414e+02
   7.7437788e+01   1.3857366e+02
   1.5664841e+02   8.9874753e+01
   1.2701901e+02   2.9090362e+01
   1.7168505e+02   1.6505072e+02
   1.3949152e+02   8.6862070e+01
   1.5918463e+02   8.3137112e+01
   1.1751553e+02   7.3726547e+01
   1.5471215e+01   6.2984889e+01
   1.4572831e+02   2.7430583e+01
   1.0485018e+02   1.2215672e+02
   1.8681942e+02   1.7902897e+01
   4.7457157e+01   1.3241944e+02
   1.8867213e+02   1.7833005e+02
   1.1942286e+02   1.4408161e+02
   1.8001919e+02   1.2953553e+02
   1.3836107e+02   8.1674419e+01
   1.6249489e+02   1.3848964e+02
   9.8293543e+01   1.0130818e+02
   8.5846194e+01   1.6873615e+02
   4.5080567e+01   9.3127948e+01
   1.6694441e+02   1.5758253e+02
   1.0478452e+02   2.2595732e+01
   1.7803562e+02   1.8044268e+02
   1.5495209e+02   1.1049079e+02
   3.5698557e+01   1.3547185e+02
   1.4494085e+02   1.5613184e+02
   7.5830632e+01   1.1771137e+02
   9.7617359e+01   1.8764399e+02
   1.4704150e+01   1.2031615e+02
   1.8407002e+02   1.4167185e+02
   4.4862862e+01   2.3878308e+01
   5.8928521e+01   1.8533944e+02
   1.1667393e+02   5.2982678e+01
   9.0067360e+01   1.2147506e+02
   1.2209168e+02   1.4613253e+02
   1.3954258e+02   1.4628083e+02
   1.5047578e+02   1.3758598e+02
   6.1638366e+01   8.6339669e+01
   1.2005264e+02   1.3091809e+02
   1.8720170e+02   1.1996552e+02
   1.2061198e+02   5.3651580e+01
   3.0030986e+01   4.4380433e+01
   1.9557020e+01   7.7036092e+01
   1.7029776e+02   1.0637256e+02
   1.2141916e+02   7.8380564e+01
   3.1686946e+01   1.5779853e+02
   3.4002930e+01   1.8457960e+02
   2.5052458e+01   7.4771462e+01
   2.4254325e+01   1.3739658e+02
   5.4169146e+01   1.1422442e+02
   1.8092425e+02   2.4560709e+01
   1.7855433e+02   1.5259689e+02
   8.9226545e+01   8.0751058e+01
   1.2405962e+02   1.7694905e+02
   1.2621881e+02   6.4763783e+01
   8.7865710e+01   5.0440906e+01
   6.0173808e+01   1.3787686e+02
   9.7998317e+01   8.9830420e+01
   1.1776507e+02   1.6854239e+02
   9.5370101e+01   1.5853541e+02
   1.3873344e+02   1.5365118e+02
   1.5375133e+02   1.0857546e+02
   8.8736890e+01   1.2286255e+02
   1.7869710e+02   1.1040671e+02
   1.3595490e+02   1.2466466e+02
   7.6938403e+01   1.3248254e+02
   8.0121342e+01   1.4468592e+02
   4.2352634e+01   4.5726387e+01
   1.0448305e+02   1.2571301e+02
   1.5464175e+02   1.8147570e+02
   1.8013049e+02   8.9136784e+01
   1.6065844e+02   1.0302280e+02
   1.7689727e+01   1.7207375e+02
   1.5891943e+01   6.7331102e+01
   1.7822940e+02   1.0020693e+02
   8.8342832e+01   1.8112318e+02
   1.2405886e+02   1.1857961e+02
   1.7156530e+02   7.3358354e+01
   1.5675364e+02   8.4620453e+01
   1.4496472e+02   6.5070307e+01
   9.5836324e+01   1.1038833e+02
   4.7595514e+01   1.5975026e+02
   2.2721249e+01   6.7843926e+01
   1.1703856e+02   1.2280284e+02
   1.3628489e+02   5.9945590e+01
   1.1284017e+02   1.7884454e+02
   4.2027591e+01   3.1739379e+01
   1.4900565e+02   1.4315665e+02
   6.1600254e+01   9.4678981e+01
   4.3324879e+01   8.4037080e+01
   1.1846540e+02   1.1403776e+02
   9.5488742e+01   1.3987472e+02
   1.2463091e+02   1.0782318e+02
   1.0693808e+02   1.7700833e+01
   9.9083831e+01   1.8566979e+02
   1.0885341e+02   1.8384148e+02
   2.5294419e+01   1.6077182e+02
   9.5262620e+01   1.3259340e+02
   2.2364741e+01   1.0916395e+02
   1.9732234e+01   1.5601677e+02
   4.6178517e+01   1.4235521e+02
   7.8352556e+01   8.7569652e+01
   1.0603967e+02   9.0171308e+01
   1.8999424e+02   1.3473546e+02
   3.0209980e+01   1.4678631e+02
   1.0248472e+02   3.5205987e+01
   6.3468289e+01   1.2869345e+02
   1.0077894e+02   7.8805356e+01
   5.9553334e+01   1.2436595e+02
   1.8127834e+02   1.2815780e+02
   9.0044481e+01   4.4995192e+01
   2.8347331e+01   1.3704909e+02
   7.6708438e+01   6.8692075e+01
   1.5905645e+02   1.3807104e+02
   1.0891757e+02   1.3875994e+02
   1.5291943e+02   1.2709889e+01
   8.1137538e+01   1.1233758e+02
   3.5862065e+01   1.7336923e+02
   4.2353892e+01   3.7563007e+01
   1.6684388e+01   9.2813405e+01
   1.2206152e+02   1.6503156e+02
   1.2322686e+02   9.5320717e+01
   1.6811652e+02   8.6903999e+01
   1.7819964e+02   9.6299055e+01
   1.7508793e+02   1.0377822e+02
   1.3930297e+02   1.6860832e+02
   1.4913218e+02   1.3574496e+02
   9.3517635e+01   4.5875359e+01
   6.8620389e+01   5.7424878e+01
   1.8878472e+02   1.0854344e+02
   1.1989399e+02   8.7776531e+01
   1.2873230e+02   6.7344392e+01
   1.1044833e+02   9.6432129e+01
   7.1780616e+01   7.7776169e+01
   1.4769191e+02   1.0180395e+02
   1.8258650e+02   1.5808260e+02
   7.1660667e+01   1.8523366e+02
   1.7385870e+02   1.5731379e+01
   1.0169138e+02   2.1700278e+01
   1.1083653e+02   1.1685292e+02
   6.3197940e+01   1.2389524e+02
   7.6616326e+01   1.6725320e+02
   5.1377280e+01   1.8740595e+02
   6.5258942e+01   2.7821360e+01
   1.4261544e+01   9.8495511e+01
   1.5412484e+02   7.1356800e+01
   1.6871939e+02   9.1618666e+01
   1.4032495e+02   4.7904390e+01
   1.0520933e+02   1.4264794e+02
   6.8346902e+01   1.3332191e+02
   1.3508219e+02   7.4979131e+01
   1.5576258e+02   1.4139411e+02
   1.7429394e+01   1.2769836e+02
   1.7279214e+02   9.9910833e+01
   1.6596656e+02   3.9899244e+01
   1.0916537e+02   1.2073334e+02
   1.3966116e+02   1.1023650e+02
   1.3264922e+02   3.3964299e+01
   9.8898115e+01   1.7842766e+02
   1.9795878e+01   2.4306019e+01
   1.4544790e+02   1.4835279e+02
   1.3360598e+02   1.1744559e+02
   7.1310288e+01   1.1981064e+02
   1.5981925e+02   1.0797284e+02
   1.0545146e+02   1.7463384e+02
   1.2030747e+02   1.4148591e+02
   1.5616733e+02   2.3766290e+01
   9.8058483e+01   1.4223701e+02
   1.1465684e+02   1.1108122e+02
   7.0272641e+01   5.0396691e+01
   6.6508748e+01   2.5151612e+01
   6.2956450e+01   1.6394847e+02
   7.6427113e+01   2.6009825e+01
   1.4830724e+02   1.6548744e+01
   1.6103082e+02   5.9681982e+01
   1.1046353e+02   6.8178703e+01
   4.8080529e+01   1.7690592e+02
   1.8421960e+02   1.2089355e+02
   1.2838258e+02   1.0803665e+02
   8.6265738e+01   8.9958196e+01
   1.7221907e+02   4.3703295e+01
   1.0095221e+02   9.2814784e+01
   4.4514516e+01   4.0063339e+01
   2.8406856e+01   3.7419344e+01
   4.3743061e+01   1.0297982e+02
   1.4567708e+02   1.6300997e+02
   1.4408624e+02   5.6676482e+01
   1.1532829e+02   1.6895992e+02
   1.1427903e+02   1.2575590e+02
   3.4958524e+01   1.6859162e+02
   1.4345659e+02   9.2254139e+01
   8.3426019e+01   7.8046160e+01
   2.3643195e+01   2.9566334e+01
   1.2786191e+02   1.4173370e+02
   1.3035015e+02   1.7110672e+01
   1.7404674e+01   1.6298243e+02
   1.3676176e+02   2.3390054e+01
   1.6622005e+02   5.8612200e+01
   8.9939107e+01   1.1313410e+02
   1.1289417e+02   1.4434103e+02
   4.5160930e+01   7.5080511e+01
   1.1140848e+02   3.4997951e+01
   7.0294711e+01   1.5781662e+02
   1.4556753e+02   1.4271558e+02
   1.3146249e+02   9.9921428e+01
   1.7206683e+02   6.9376780e+01
   8.5354678e+01   5.8324889e+01
   1.5918146e+02   3.2125484e+01
   6.5438390e+01   8.0723429e+01
   8.7421563e+01   1.3194378e+02
   5.4778044e+01   1.8156930e+02
   1.8564066e+02   1.7292622e+02
   8.6258699e+01   1.4007822e+02
   1.4559561e+02   1.0841601e+02
   1.3031801e+02   1.1637476e+02
   1.6432934e+02   1.0057736e+02
   9.8543750e+01   1.4014629e+02
   5.4110437e+01   1.2499736e+02
   3.0906785e+01   1.4184508e+02
   1.0475578e+02   1.1116004e+02
   1.5651432e+02   1.8666534e+02
   4.4881574e+01   4.4716569e+01
   1.2785624e+02   3.7920194e+01
   1.5505134e+01   1.7071695e+02
   1.5140026e+02   7.6191069e+01
   1.3248499e+02   1.5201396e+02
   4.0889648e+01   7.0437077e+01
   3.0020336e+01   1.5142829e+02
   1.7697091e+02   5.9093879e+01
   1.6199674e+02   1.5983440e+02
   8.8885671e+01   1.8573595e+02
   4.2400735e+01   7.7004164e+01
   2.7835429e+01   7.4033102e+01
   8.4627904e+01   1.4407865e+02
   3.5473990e+01   2.3913880e+01
   2.5230981e+01   3.8963928e+01
   1.6542247e+01   8.5507223e+01
   1.6244473e+02   1.1169584e+02
   3.7201850e+01   6.0320412e+01
   1.6199305e+02   1.3430947e+02
   8.7810173e+01   1.1885799e+02
   4.4600697e+01   1.4372315e+02
   7.1798736e+01   1.5736542e+01
   4.7814932e+01   1.6650175e+02
   3.7585108e+01   4.0948665e+01
   8.8232089e+01   1.3959769e+02
   1.0330025e+02   4.0155177e+01
   1.0912158e+02   1.5560019e+02
   1.2124007e+02   1.0409842e+02
   2.9281650e+01   1.2929767e+02
   1.6375237e+02   1.0344231e+02
   1.6958088e+02   6.2601963e+01
   1.0708464e+02   1.8763875e+02
   1.3762952e+02   1.4160705e+02
   8.6714947e+01   1.4835540e+02
   5.5096611e+01   1.1137226e+02
   1.5674952e+02   3.2550366e+01
   8.7862096e+01   1.9656889e+01
   7.6207714e+01   8.4107915e+01
   8.1568303e+01   6.1423456e+01
   1.3965522e+02   1.5690390e+02
   1.4838246e+02   7.8151532e+01
   1.9427826e+01   3.9045656e+01
   1.4286056e+02   1.1002165e+02
   1.7023945e+02   1.1018679e+02
   1.1312546e+02   1.8892948e+02
   1.6202605e+02   6.2707013e+01
   6.0251874e+01   8.9340727e+01
   2.4884955e+01   1.1219905e+02
   1.8165268e+02   6.1475575e+01
   1.7640320e+02   1.4792740e+02
   1.1469350e+02   5.9363725e+01
   3.5306937e+01   4.0130263e+01
   2.0157956e+01   1.3439392e+02
   8.0204753e+01   1.8144152e+02
   1.6727031e+02   1.6640687e+02
   1.0611628e+02   1.1558349e+02
   1.2152355e+02   1.2210732e+02
   1.1761345e+02   1.3719412e+02
   1.7378621e+02   5.5447585e+01
   7.9316077e+01   1.0151709e+02
   9.2429013e+01   4.3713699e+01
   5.9052858e+01   1.7020484e+02
   1.2174474e+02   1.8572412e+02
   5.1500320e+01   1.0031334e+02
   1.4389920e+02   4.9192838e+01
   1.1517957e+02   6.6990520e+01
   6.9720602e+01   6.2411148e+01
   7.9487134e+01   1.5172552e+02
   1.1349985e+02   9.7321908e+01
   1.1743909e+02   1.8099369e+02
   1.4501749e+02   2.2756692e+01
   9.9596129e+01   4.2673052e+01
   2.6902186e+01   1.7049182e+02
   1.8117054e+02   6.7882617e+01
   1.8522210e+02   3.9538859e+01
   5.8926486e+01   1.5385980e+02
   1.3791797e+02   5.3080619e+01
   1.3754943e+02   1.7312611e+01
   1.8770727e+02   2.1883798e+01
   4.7075156e+01   1.1580922e+02
   8.2907987e+01   1.2525260e+02
   9.5644275e+01   1.8235634e+02
   8.2116019e+01   1.0962158e+02
   4.0016660e+01   4.4797412e+01
   1.2227139e+02   1.6261819e+02
   1.7476379e+02   1.1889175e+02
   1.0651666e+02   1.4041436e+01
   1.5172619e+01   1.6340014e+02
   1.0850513e+02   6.5205110e+01
   1.5611465e+02   1.0008050e+02
   1.9904695e+01   1.3830271e+02
   1.4478242e+02   1.7405684e+02
   8.6263138e+01   1.5678897e+02
   1.1460912e+02   1.2023708e+02
   1.6257279e+02   4.1578939e+01
   6.9198526e+01   9.0106258e+01
   1.3776626e+02   1.1925435e+02
   2.3373209e+01   9.3563355e+01
   3.0138807e+01   1.0622108e+02
   1.1090075e+02   1.4979574e+02
   9.5315664e+01   1.4243201e+02
   6.0967823e+01   1.1306960e+01
   1.8854591e+02   9.0268637e+01
   1.7335457e+02   7.4464644e+01
   5.3990907e+01   7.2495507e+01
   6.1033495e+01   1.0940106e+02
   4.7915078e+01   8.0974155e+01
   1.3419007e+02   2.4795431e+01
   4.6248726e+01   8.0231403e+01
   6.6407221e+01   6.2358398e+01
   1.1569269e+02   7.1090617e+01
   3.8819433e+01   1.5955301e+02
   3.4185703e+01   8.4288970e+01
   1.8267985e+02   1.8984274e+02
   1.1121970e+02   1.8916504e+02
   3.0423544e+01   5.2616806e+01
   7.2702365e+01   1.2251496e+02
   1.0043146e+02   1.7748355e+02
   4.8632740e+01   1.2981241e+01
   1.8659824e+02   9.9812378e+01
   7.6060669e+01   1.0391871e+02
   1.5291515e+02   1.0414262e+01
   1.1291863e+02   9.2470026e+01
   1.8313064e+02   8.5700757e+01
   1.2932930e+02   1.5450515e+02
   1.2348308e+02   7.5402045e+01
   1.8328901e+02   1.6485600e+02
   3.8252844e+01   8.1096189e+01
   2.2814339e+01   3.9068002e+01
   3.6799214e+01   9.3433680e+01
   1.7508744e+02   1.1293987e+02
   1.8654470e+02   2.0084850e+01
   5.7720308e+01   1.7989367e+02
   5.3374394e+01   1.6088869e+02
   9.9331372e+01   1.2372449e+02
   1.9835945e+01   1.7701291e+01
   1.1444285e+01   1.4052596e+02
   8.8254686e+01   1.6218713e+02
   2.3796315e+01   1.5733784e+02
   3.2462688e+01   1.4933989e+02
   2.2011893e+01   7.2382668e+01
   7.1887261e+01   1.5013140e+02
   9.6760880e+01   1.3483716e+02
   4.0539730e+01   5.4803649e+01
   1.7071163e+02   1.1930631e+02
   1.2347137e+02   8.7363455e+01
   3.2893219e+01   1.1021901e+02
   1.8603846e+02   1.5375650e+02
   6.6874402e+01   1.4272173e+02
   4.0448921e+01   1.3643202e+02
   1.7092922e+02   3.5566656e+01
   3.4648469e+01   3.8075941e+01
   1.5080878e+02   2.8860903e+01
   7.2109361e+01   1.6866216e+02
   1.5771161e+02   1.6799319e+02
   1.1541414e+02   1.8118635e+02
   1.1692868e+02   1.1513583e+02
   6.7918489e+01   4.7928500e+01
   3.4956436e+01   2.9081853e+01
   5.5636245e+01   9.8777476e+01
   3.8017547e+01   7.4821737e+01
   1.6904580e+02   1.2378917e+02
   5.5085512e+01   3.8785775e+01
   1.2954284e+02   1.4069097e+02
   1.5112343e+02   1.5250856e+02
   1.1387170e+02   1.5720031e+02
   1.7915549e+02   5.2601668e+01
   6.1495741e+01   3.6959001e+01
   1.4793947e+02   1.2675443e+02
   9.7635233e+01   9.4029152e+01
   1.2595904e+02   1.6455724e+02
   1.5407888e+02   3.7287458e+01
   9.2016635e+01   2.8139140e+01
   1.1738052e+02   9.2542648e+01
   5.8124353e+01   1.0656332e+02
   1.1402872e+01   1.7343292e+02
   1.0663372e+02   1.8156489e+02
   7.9546590e+01   1.7400540e+02
   1.3193914e+02   8.0503014e+01
   1.1894862e+02   1.1868689e+02
   1.8939310e+02   1.8666081e+02
   1.8756312e+02   1.4210977e+02
   3.7280174e+01   1.0144158e+02
   1.7808933e+02   1.8770076e+02
   8.3348963e+01   4.1027881e+01
   5.9642599e+01   1.7957668e+02
   1.5725021e+02   1.6008565e+02
   9.2501157e+01   1.3778647e+02
   1.1377683e+02   2.3480875e+01
   5.2034752e+01   1.0363575e+02
   1.8888109e+02   1.5030751e+02
   1.3952911e+02   7.1053688e+01
   9.9665522e+01   1.0288936e+02
   1.3701643e+02   1.4644885e+02
   1.1949169e+02   5.1609011e+01
   1.8553543e+02   1.8410151e+02
   1.5677898e+02   1.7323663e+02
   7.0232058e+01   7.1266900e+01
   1.6025550e+02   9.3445356e+01
   1.7250176e+02   1.3261441e+02
   1.1756606e+02   1.8587071e+02
   1.7544503e+02   1.8186021e+02
   8.4602349e+01   1.4643460e+02
   1.7047572e+02   4.1661670e+01
   7.3576159e+01   1.8278507e+01
   1.8443304e+01   3.5682108e+01
   7.0501325e+01   1.0807607e+02
   1.4994482e+02   8.7267565e+01
   5.8665459e+01   1.2972902e+02
   1.7022962e+02   2.2365957e+01
   3.1321946e+01   1.0210193e+02
   1.0689935e+02   6.9321534e+01
   9.9586705e+01   1.5723962e+02
   1.3577836e+02   3.1291842e+01
   1.3592285e+02   1.0756442e+02
   1.5076339e+02   1.1917571e+02
   9.4494481e+01   1.3037580e+02
   8.4913911e+01   1.6453042e+01
   4.3841940e+01   9.8391673e+01
   1.4544466e+02   3.6968777e+01
   1.0834237e+02   1.6678083e+02
   1.6477183e+02   1.2568757e+02
   2.5496272e+01   2.0093031e+01
   1.6457676e+02   1.7013957e+02
   1.7574448e+02   1.1102793e+02
   4.6487978e+01   1.0214401e+02
   1.7909436e+02   7.4578668e+01
   1.8113245e+01   9.1252145e+01
   1.1187524e+01   1.1068476e+02
   1.6476323e+02   1.8274703e+02
   1.8240679e+02   1.5357464e+02
   1.7125631e+02   7.6712740e+01
   5.4699289e+01   4.7308951e+01
   1.2839817e+02   1.0391093e+02
   1.5320636e+02   1.3391425e+02
   7.0389168e+01   1.1713515e+02
   2.7750508e+01   1.4049083e+02
   8.0425953e+01   3.0383844e+01
   8.5712457e+01   1.2055409e+02
   9.8341790e+01   7.0157455e+01
   1.8262346e+01   1.5707227e+02
   1.5547873e+02   1.2392109e+02
   8.8172508e+01   9.8111117e+01
   3.1665345e+01   7.5769756e+01
   5.8841716e+01   3.4045553e+01
   1.6860934e+02   5.8635545e+01
   1.9247525e+01   1.0387123e+02
   1.7288264e+02   6.1183533e+01
   1.1164958e+02   1.2250511e+02
   5.4320694e+01   1.7412921e+02
   4.4107426e+01   8.1830549e+01
   9.9804956e+01   2.9120048e+01
   1.8849334e+02   4.5826208e+01
   1.6447886e+01   4.9316551e+01
   2.2642722e+01   1.2122666e+02
   1.2098836e+02   1.6076914e+02
   1.0630659e+02   4.2519417e+01
   3.8312095e+01   1.8718159e+02
   1.5559426e+01   3.6666188e+01
   3.2007676e+01   1.8858390e+02
   1.1895216e+02   8.3169874e+01
   5.6210581e+01   2.0630532e+01
   3.5995010e+01   1.6250379e+02
   4.3145012e+01   1.0124036e+02
   7.4990155e+01   4.2907774e+01
   1.4732550e+02   1.0548214e+02
   8.9611037e+01   2.5519313e+01
   6.1523556e+01   1.3182760e+02
   1.7597707e+01   2.5667555e+01
   1.1244604e+01   7.7658396e+01
   1.1205796e+02   1.5822885e+01
   6.3055274e+01   1.6116346e+01
   1.5020660e+01   2.1957573e+01
   1.8525873e+02   1.5998829e+01
   7.0554996e+01   7.4723054e+01
   1.8592825e+02   7.8875467e+01
   2.6864266e+01   5.4802261e+01
   1.4613966e+02   1.2990237e+02
   6.3402133e+01   3.9393125e+01
   1.4904235e+02   1.4950454e+02
   1.8411203e+02   4.5882166e+01
   1.5263158e+02   3.3222641e+01
   9.8737097e+01   6.5378964e+01
   1.6225379e+02   2.3660049e+01
   5.7006870e+01   7.1226072e+01
   1.4422014e+01   7.4115270e+01
   1.1217118e+02   1.6753239e+02
   1.3460092e+02   1.6016821e+02
   7.9808881e+01   7.1003887e+01
   1.7660105e+02   1.3246795e+02
   4.9378731e+01   7.2594617e+01
   1.2704820e+02   1.1388940e+02
   4.7265554e+01   3.7673782e+01
   6.1825112e+01   3.2017729e+01
   1.0667147e+02   1.5519905e+02
   1.7391782e+02   1.5100876e+02
   7.0141080e+01   1.7496813e+02
   7.9956955e+01   2.6946210e+01
   1.4131028e+02   1.1652487e+02
   2.5462245e+01   1.7681610e+02
   1.0205501e+02   1.4614121e+02
   9.8896813e+01   2.1670960e+01
   1.2444540e+02   5.7269855e+01
   1.6057920e+01   3.0568821e+01
   7.5166013e+01   1.1495635e+02
   5.8668417e+01   1.7504985e+02
   1.6200010e+02   1.8576532e+02
   9.5347207e+01   1.8660095e+02
   1.3357939e+02   1.2143517e+02
   1.8159634e+02   5.5398143e+01
   6.5672623e+01   1.5733213e+01
   1.3981333e+02   4.5495219e+01
   9.2249873e+01   1.2805542e+02
   8.1451105e+01   1.2391575e+02
   1.6250212e+02   1.6552574e+02
   1.1589432e+02   1.7916043e+02
   1.5778352e+02   8.0724785e+01
   1.1973439e+02   2.6785868e+01
   6.2194989e+01   7.3274959e+01
   5.3759500e+01   8.0664262e+01
   1.4663200e+02   1.9827518e+01
   7.1110839e+01   5.5062058e+01
   2.5427541e+01   1.8293248e+02
   4.2758887e+01   8.8641275e+01
   1.4000589e+02   4.1868331e+01
   6.0209208e+01   2.5082215e+01
   2.3656937e+01   1.2894684e+02
   1.0776453e+02   1.6353838e+02
   2.8088331e+01   1.2542983e+02
   2.5115309e+01   1.1722096e+02
   6.4029495e+01   1.6045081e+02
   1.4512650e+02   2.5229452e+01
   1.7277231e+02   1.1464299e+02
   1.6054238e+02   1.2951637e+02
   6.9855611e+01   1.5459484e+02
   1.2743382e+01   1.1315083e+02
   9.9533610e+01   1.3286212e+02
   1.4255648e+02   1.0794555e+02
   1.3468289e+02   1.5100702e+02
   8.9904567e+01   1.5603401e+02
   1.2989716e+02   5.8801523e+01
   1.3893941e+02   7.6582890e+01
   2.2514625e+01   1.4844335e+02
   1.2778281e+02   1.1029013e+02
   1.6955711e+02   1.2198552e+02
   7.2528637e+01   4.9151327e+01
   1.6574304e+02   1.1610657e+02
   5.7178428e+01   7.6738277e+01
   1.3355909e+02   2.6902133e+01
   1.5345528e+02   8.8484837e+01
   1.5793836e+02   2.1005309e+01
   5.0999891e+01   1.7589967e+02
   1.1418049e+01   1.6587678e+02
   6.3473492e+01   3.4061145e+01
   7.9512551e+01   3.8665074e+01
   1.3795678e+01   9.1916452e+01
   1.3379053e+02   4.5074067e+01
   1.3887199e+02   1.1661686e+02
   1.5850834e+02   9.2556433e+01
   6.8192626e+01   9.9712802e+01
   1.6561524e+02   1.6060164e+02
   1.7578420e+02   3.3110760e+01
   1.0988319e+02   3.2174359e+01
   6.8413201e+01   1.1420760e+02
   4.9888285e+01   7.7640807e+01
   1.3204704e+02   1.6020532e+02
   8.3519215e+01   2.0127819e+01
   1.1779146e+02   6.5321170e+01
   6.5225253e+01   1.3487210e+02
   1.1642603e+02   3.6946983e+01
   1.8463159e+02   3.2593677e+01
   4.7746959e+01   9.8359606e+01
   1.6904299e+02   1.1851591e+02
   3.9453066e+01   3.2129287e+01
   1.4685695e+02   1.8159434e+02
   1.2348043e+02   1.0640802e+02
   1.5970136e+02   7.1503412e+01
   1.7663392e+01   7.9047431e+01
   1.8138591e+02   1.6238559e+02
   6.8404744e+01   1.3071705e+01
   2.1771147e+01   4.7515370e+01
   1.0315128e+02   5.1243682e+01
   3.1502243e+01   1.7322169e+02
   1.3145845e+02   6.7885648e+01
   1.6913369e+02   1.1469375e+02
   1.2540947e+02   2.4525829e+01
   5.8573561e+01   6.9511303e+01
   7.4054188e+01   1.0115652e+01
   1.3895321e+02   5.7310313e+01
   1.2489341e+02   7.8289337e+01
   1.8640122e+01   1.4728799e+02
   1.0622021e+02   1.3801251e+02
   9.2011156e+01   1.2988094e+02
   1.8481459e+02   7.4402922e+01
   1.8252518e+02   1.7520411e+02
   6.6831466e+01   1.7146755e+02
   6.0542736e+01   1.2745976e+02
   8.4779285e+01   1.4514266e+01
   4.7886730e+01   1.3460251e+02
   1.6200235e+02   1.0140314e+02
   2.3106754e+01   1.5126979e+01
   1.2055633e+02   4.2421079e+01
   1.7587950e+02   1.7908176e+02
   1.0167145e+02   5.8845990e+01
   1.5288082e+02   7.8799660e+01
   1.4734857e+02   4.5602850e+01
   9.3026397e+01   9.9158319e+01
   6.7022343e+01   1.6821058e+02
   7.6834322e+01   1.8547192e+02
   7.5219273e+01   1.5599995e+02
   8.2207227e+01   1.4184178e+02
   9.5112802e+01   6.7054293e+01
   1.7416129e+02   9.4215507e+01
   1.5404291e+02   1.1294111e+02
   9.5722816e+01   3.3345567e+01
   1.6316191e+02   1.1434031e+02
   8.7412114e+01   6.7653160e+01
   1.4107317e+02   1.4491638e+02
   1.4898763e+01   4.2551975e+01
   9.3441964e+01   3.3249881e+01
   9.9234447e+01   1.6169017e+02
   1.2215731e+02   5.9231280e+01
   9.3345966e+01   7.6491803e+01
   1.2005018e+01   1.8618948e+02
   3.4117117e+01   1.0721927e+02
   7.0548978e+01   1.8976177e+02
   1.3524639e+02   9.9372520e+01
   1.8975432e+02   1.4588812e+02
   1.3215551e+02   1.7812198e+02
   1.1107125e+01   1.2335454e+02
   1.2275840e+02   1.8022715e+02
   1.4820569e+02   1.5948449e+02
   1.1176684e+02   1.2713032e+02
   3.1210687e+01   1.2737714e+02
   1.6310511e+02   4.8421707e+01
   1.3996060e+02   2.2971082e+01
   1.0994367e+02   1.3080847e+02
   5.7099659e+01   4.0634976e+01
   1.4119694e+02   9.8126761e+01
   1.8387422e+02   2.8547115e+01
   9.9835511e+01   1.5191131e+02
   1.4215419e+02   1.0187793e+02
   2.1439414e+01   9.0777997e+01
   3.9712567e+01   8.7344802e+01
   1.6878599e+01   2.0831518e+01
   1.6452533e+02   5.7196460e+01
   1.7300960e+02   1.6284538e+02
   6.8379280e+01   1.7818451e+02
   8.5319545e+01   1.3843092e+02
   7.4572335e+01   7.5463914e+01
   1.2524388e+02   1.1140178e+02
   1.6211457e+02   7.4444905e+01
   7.7030170e+01   4.8758456e+01
   1.1438799e+02   1.0091846e+01
   9.3469877e+01   1.0197673e+02
   6.3892396e+01   7.1103126e+01
   1.1944729e+02   7.5164052e+01
   4.3392106e+01   1.8767821e+02
   3.0672889e+01   1.7962612e+02
   8.8735938e+01   1.0279499e+01
   1.1961364e+02   4.0165259e+01
   1.6959705e+02   1.8933045e+02
   6.9489591e+01   2.0697136e+01
   6.6990848e+01   3.1177849e+01
   1.8842302e+02   1.9319685e+01
   1.2663020e+02   1.4681255e+02
   6.5433358e+01   8.9108751e+01
   7.9687072e+01   6.1541040e+01
   8.8474125e+01   3.5437541e+01
   6.0678817e+01   1.5789050e+02
   6.9908044e+01   6.9242022e+01
   1.9826450e+01   8.5121714e+01
   3.1028353e+01   1.1999901e+02
   1.5518588e+02   4.5368330e+01
   3.4903563e+01   1.8614071e+02
   1.0649766e+02   3.4023064e+01
   2.5479128e+01   1.2828871e+02
   1.5938807e+02   7.3576654e+01
   2.8417926e+01   8.3250207e+01
   1.7455676e+02   7.6035339e+01
   6.5883478e+01   1.1693279e+02
   8.6861967e+01   1.7747907e+02
   1.6575332e+02   2.0364153e+01
   1.3461703e+02   6.3866747e+01
   1.4906113e+02   1.8356054e+02
   7.3935448e+01   1.4009850e+01
   8.4923853e+01   1.2977068e+02
   1.1627985e+02   4.2090579e+01
   7.4630482e+01   1.6510953e+02
   4.3786657e+01   1.3952568e+02
   7.4484684e+01   9.8156039e+01
   4.9323060e+01   1.8739033e+02
   5.6435644e+01   1.6148720e+02
   1.5560024e+02   5.3907991e+01
   1.4886067e+02   1.5252180e+02
   1.5324905e+02   8.4464375e+01
   8.8019380e+01   8.4114218e+01
   1.7779630e+02   1.6085315e+02
   2.3025399e+01   1.8622551e+02
   1.7213317e+02   8.1985951e+01
   8.6325442e+01   1.1488512e+02
   1.2920252e+01   1.5356242e+02
   1.6455364e+02   4.1606549e+01
   1.8194445e+02   3.7116009e+01
   1.3886914e+02   1.5045469e+01
   1.1351191e+02   7.6918632e+01
   1.8699664e+02   1.4011334e+02
   9.7316553e+01   1.6290929e+02
   1.4066991e+02   1.2567910e+02
   7.7892269e+01   1.6117352e+02
   6.6582589e+01   1.1410982e+02
   1.2316124e+02   1.4906580e+02
   1.3262005e+02   8.9827119e+01
   1.9554600e+01   8.3324096e+01
   7.6756356e+01   8.6281403e+01
   1.6932028e+02   9.5789842e+01
   1.3843106e+02   4.8389853e+01
   3.4290573e+01   5.7909960e+01
   7.3569173e+01   9.3964164e+01
   4.9444238e+01   2.7575784e+01
   1.7968909e+02   3.4725644e+01
   1.6014978e+02   3.0046096e+01
   1.1810204e+02   1.7711895e+02
   1.0547554e+02   1.1769223e+02
   6.4162245e+01   4.1850864e+01
   1.8055878e+01   1.2427205e+02
   1.7984400e+02   1.1644575e+01
   5.7004639e+01   7.4820018e+01
   2.1507366e+01   4.2994825e+01
   2.9132451e+01   6.9168264e+01
   8.9331061e+01   5.6271349e+01
   1.6779649e+02   3.2195127e+01
   1.7239635e+02   1.0290243e+02
   1.0408518e+02   1.4514782e+02
   2.3209380e+01   1.8942457e+02
   1.5736281e+02   7.2833331e+01
   1.0818918e+02   2.2147219e+01
   1.3491588e+02   7.0683069e+01
   4.1898988e+01   1.4851584e+02
   1.4313130e+02   7.3356865e+01
   8.7234127e+01   1.8686136e+02
   1.8601876e+02   6.9028739e+01
   9.4958654e+01   9.4571557e+01
   4.4828112e+01   1.2955054e+02
   8.8601695e+01   3.3514753e+01
   1.0911211e+02   1.8795928e+02
   9.4326654e+01   1.7340264e+02
   1.7617016e+02   1.7633321e+02
   6.2522867e+01   1.5503550e+02
   1.3962311e+02   1.3098187e+01
   1.2739079e+02   2.4283375e+01
   1.4436830e+02   4.0375279e+01
   4.5930455e+01   5.4456304e+01
   1.5366478e+02   1.1692765e+02
   9.8236736e+01   4.9334908e+01
   1.2918949e+02   1.1264517e+01
   4.7493008e+01   1.7562772e+01
   1.0424617e+02   1.3252334e+02
   8.1701158e+01   5.4290463e+01
   1.2610907e+02   1.3814843e+02
   1.6644711e+02   1.2870353e+02
   1.8919408e+01   2.0381793e+01
   1.3661423e+02   2.7677690e+01
   6.4760400e+01   6.5991006e+01
   1.7778155e+01   1.0186666e+02
   1.1635248e+02   5.8259973e+01
   1.3629046e+02   9.2377285e+01
   3.8867816e+01   1.1987368e+02
   1.7208649e+02   1.2824519e+02
   6.7677317e+01   1.7478573e+02
   6.0282598e+01   2.8916464e+01
   1.0450178e+02   7.6027093e+01
   1.8768482e+02   8.6886222e+01
   6.1581964e+01   1.4366078e+02
   1.2872521e+02   4.5894002e+01
   2.4834667e+01   1.0795068e+02
   1.6960242e+02   1.8135901e+02
   1.5594517e+02   7.9058064e+01
   1.5892673e+02   1.7357673e+02
   1.7195754e+02   4.8762940e+01
   3.8866972e+01   1.8239163e+02
   1.0118272e+01   9.0129767e+01
   1.1405457e+02   8.7107660e+01
   1.3725306e+02   1.0099186e+02
   2.2049916e+01   1.3600477e+02
   4.9193527e+01   5.7118782e+01
   1.3655163e+02   1.4353747e+02
   1.5550261e+01   1.7917826e+02
   6.7783527e+01   1.8146331e+02
   1.9365037e+01   3.2119358e+01
   9.1681883e+01   1.7671717e+02
   1.0393616e+02   1.5486461e+02
   1.8825688e+02   1.6554722e+02
   4.3017402e+01   1.1473466e+02
   1.1802215e+02   1.0256348e+02
   2.6347582e+01   4.7758725e+01
   6.7704520e+01   2.7963227e+01
   1.2901559e+02   1.6994800e+02
   5.7290410e+01   1.0308210e+02
   4.9725696e+01   1.0278177e+02
   7.3194757e+01   1.2979045e+02
   1.6634847e+02   6.1847937e+01
   3.4946445e+01   9.3060233e+01
   7.8692020e+01   1.6372888e+02
   5.2752594e+01   1.3469855e+02
   1.0196206e+01   1.8009660e+02
   9.3986762e+01   2.6125284e+01
   6.0669021e+01   1.7281490e+02
   1.8000125e+02   7.7472746e+01
   3.3095997e+01   1.3891613e+02
   8.3426886e+01   1.2152352e+02
   6.5036406e+01   1.4559701e+02
   3.3157960e+01   1.1715666e+02
   8.3210575e+01   1.0103632e+02
   7.9322735e+01   1.2919761e+01
   8.6694802e+01   1.2292313e+02
   1.4981358e+02   1.2662730e+02
   1.0175163e+02   1.3314914e+02
   1.3931026e+02   1.0521270e+02
   2.0275828e+01   1.0699926e+02
   8.1356148e+01   1.9386594e+01
   7.2535504e+01   7.0127105e+01
   7.7725374e+01   1.2024733e+02
   1.5491627e+02   5.7488136e+01
   2.6745001e+01   1.6378267e+02
   1.3532494e+02   6.1984714e+01
   9.1368714e+01   1.0289796e+02
   7.2014763e+01   2.4037411e+01
   1.0077230e+02   1.0760835e+02
   1.1707891e+02   4.6499922e+01
   1.0074632e+02   1.8638358e+02
   1.5335244e+02   1.7419701e+02
   9.9954404e+01   1.3420105e+01
   1.4372537e+02   1.4250167e+02
   6.6535596e+01   7.3754412e+01
   1.4312396e+02   3.1171249e+01
   5.1467267e+01   1.8206794e+02
   3.3504617e+01   6.0851642e+01
   1.7436393e+02   1.6776593e+02
   1.1142217e+02   5.6017399e+01
   5.7071764e+01   3.5319562e+01
   1.4861022e+02   3.1786829e+01
   1.3824854e+02   6.6392749e+01
   7.9158050e+01   7.9352517e+01
   7.4653916e+01   4.7457961e+01
   3.1033382e+01   2.6610777e+01
   3.8009775e+01   1.7768917e+02
   8.9983185e+01   8.6248965e+01
   1.2732209e+02   1.4924306e+02
   1.0093089e+02   5.6442702e+01
   1.2564298e+02   5.4689797e+01
   1.0046853e+02   3.7727803e+01
   1.3267806e+02   1.3756017e+02
   9.5584581e+01   6.3965614e+01
   2.1229626e+01   7.9066666e+01
   1.1838365e+02   9.4394460e+01
   1.3667835e+02   8.9257783e+01
   1.6979219e+02   5.6332100e+01
   2.5885847e+01   1.2398342e+02
   1.4223675e+02   9.4492807e+01
   4.3353103e+01   1.6299523e+02
   1.6617405e+02   1.3981135e+02
   1.2386874e+02   1.3561103e+02
   1.7859651e+02   1.9481501e+01
   1.1788384e+02   1.2753909e+02
   5.6410063e+01   1.7767464e+02
   6.4708362e+01   1.0670585e+02
   5.8469165e+01   1.2103161e+02
   1.0957649e+02   7.5501564e+01
   8.5586380e+01   2.9989137e+01
   1.0716091e+02   3.7179580e+01
   1.6639312e+02   4.4762412e+01
   5.8106936e+01   6.2438264e+01
   1.5983760e+02   3.4428603e+01
   5.3623239e+01   5.8761036e+01
   1.4201956e+02   1.3065398e+02
   1.6231126e+02   2.8276600e+01
   1.0305997e+02   1.0881818e+02
   1.3967832e+02   8.4959617e+01
   4.1195023e+01   1.8760195e+02
   1.2337421e+02   1.0210020e+02
   7.0490643e+01   1.2342493e+02
   1.3098312e+02   6.0894419e+01
   4.2815591e+01   1.2478713e+02
   1.8322994e+02   1.8260836e+02
   1.4160082e+01   9.4560538e+01
   1.7907326e+02   3.1754620e+01
   8.6908143e+01   1.3694379e+01
   3.4506266e+01   4.4016977e+01
   6.9625716e+01   8.5436115e+01
   1.2574873e+02   1.7573013e+02
   1.7245018e+02   1.5746970e+02
   1.0828494e+02   9.2936154e+01
   9.1885898e+01   1.9622844e+01
   8.9388623e+01   1.3731618e+02
   6.7867022e+01   6.6033754e+01
   1.1155076e+02   9.9073638e+01
   1.5715204e+02   1.4277443e+02
   9.1596587e+01   1.3352391e+02
   7.2705967e+01   2.6859544e+01
   1.2727501e+02   1.3505066e+02
   5.8853809e+01   1.4785860e+01
   5.3549661e+01   1.7948393e+02
   8.2627300e+01   2.3955803e+01
   8.2160081e+01   1.7868632e+02
   1.5218479e+02   9.5220944e+01
   6.1198776e+01   1.5231157e+02
   8.6250137e+01   1.8069754e+02
   1.5601088e+02   7.5254226e+01
   8.9396844e+01   1.6740835e+02
   1.5766004e+02   1.3503605e+02
   1.2997791e+01   6.2896296e+01
   1.4935734e+02   1.8847034e+02
   1.3641825e+01   7.7579683e+01
   1.7323636e+02   4.1876456e+01
   1.2016613e+01   8.1656992e+01
   6.4631387e+01   2.4252026e+01
   1.7668609e+02   1.8549850e+02
   8.1400185e+01   5.6187812e+01
   5.6117707e+01   1.1353022e+01
   1.6710749e+02   1.4357230e+02
   1.1476897e+01   1.6968147e+02
   1.6070989e+02   1.4563219e+02
   1.0701874e+02   1.2698816e+02
   2.7921485e+01   1.1977645e+02
   1.3990273e+02   1.4257393e+02
   1.0484446e+02   1.1349866e+02
   5.2150782e+01   1.3732576e+01
   1.6775139e+02   1.0305130e+02
   9.8384774e+01   7.7452532e+01
   1.8124628e+02   1.3462958e+02
   1.3194596e+02   5.0504496e+01
   1.1703608e+02   6.3435548e+01
   2.1333402e+01   9.4676554e+01
   2.6000802e+01   7.0202777e+01
   1.2266399e+01   1.6206584e+02
   1.8408346e+02   9.2209296e+01
   1.0663317e+02   1.0401423e+02
   1.5109044e+02   1.6478633e+02
   3.4700568e+01   1.1838680e+02
   6.7096304e+01   1.5306006e+02
   2.2124044e+01   2.6891866e+01
   1.6784048e+02   1.0917410e+02
   1.1446595e+02   9.0843500e+01
   1.7500706e+02   1.4441890e+02
   1.4484047e+02   2.9221694e+01
   1.2444379e+02   1.5253559e+02
   5.8739442e+01   4.8547153e+01
   1.8405912e+02   2.1737541e+01
   1.8611476e+02   1.0580570e+02
   6.6052236e+01   9.7540051e+01
   7.2761228e+01   1.8920546e+02
   8.3496895e+01   4.7542214e+01
   1.8636872e+02   1.4370688e+02
   1.5718380e+02   1.3191286e+02
   9.9635572e+01   8.0349221e+01
   1.5371002e+02   1.8750908e+02
   3.8373715e+01   5.7798749e+01
   1.6785220e+02   7.9914658e+01
   1.5400588e+02   1.9202836e+01
   1.5395996e+01   1.5792940e+02
   1.5917371e+02   1.3230442e+01
   9.9408439e+01   9.8205250e+01
   1.2571723e+02   1.7012811e+02
   1.6825508e+02   1.7511717e+02
   5.6539556e+01   6.0939429e+01
   1.5266650e+02   1.6753194e+02
   8.3826057e+01   7.2281775e+01
   4.9867054e+01   3.2526983e+01
   1.7211562e+02   1.8966479e+02
   1.2783582e+02   1.8597307e+02
   1.6715307e+02   1.2697384e+01
   5.4644863e+01   8.7456783e+01
   8.3758479e+01   1.1459955e+02
   2.9582810e+01   1.1833331e+02
   1.8086587e+02   5.1168516e+01
   3.6018671e+01   1.5809278e+02
   1.5412855e+02   1.2959315e+02
   1.3335742e+02   8.7782141e+01
   1.4210252e+02   1.2829617e+02
   1.4318597e+02   1.3793876e+02
   1.2922125e+02   7.9769621e+01
   7.8514711e+01   9.8151161e+01
   7.8320340e+01   1.7667925e+02
   1.1178600e+02   1.5931264e+02
   1.6537044e+02   2.7167454e+01
   1.4704677e+02   7.1612651e+01
   4.3205191e+01   6.5456140e+01
   4.9473117e+01   1.2945328e+02
   6.0288213e+01   7.3038570e+01
   1.8504632e+02   1.1533541e+02
   7.0202137e+01   1.8057242e+02
   4.2449695e+01   6.8702020e+01
   1.4484848e+02   2.0953990e+01
   1.7601841e+02   5.5864033e+01
   1.8666380e+02   1.1615376e+02
   1.1221870e+02   7.8913057e+01
   1.5853118e+02   1.7952902e+02
   4.4629116e+01   1.6596484e+02
   5.9920974e+01   1.3987252e+02
   1.6743335e+02   1.8962344e+02
   1.4970762e+02   1.8125613e+02
   1.1592364e+01   8.7989440e+01
   1.5186846e+01   1.2371482e+02
   1.2528279e+02   1.2331141e+02
   9.3169404e+01   1.8278446e+02
   9.2714353e+01   1.7220483e+02
   2.2710823e+01   8.8771957e+01
   1.5583582e+02   1.6408472e+02
   4.1730624e+01   1.4458516e+02
   1.8729916e+02   7.0760203e+01
   2.3771822e+01   1.0617958e+02
   6.1836809e+01   1.2608054e+02
   4.1410476e+01   5.9959128e+01
   1.8291020e+02   1.4698271e+02
   5.7229831e+01   1.1227499e+02
   3.7676178e+01   3.5189636e+01
   1.8138549e+02   9.7324103e+01
   1.4352771e+02   6.6469814e+01
   3.9459979e+01   2.1187813e+01
   1.1149208e+01   3.1752486e+01
   2.5423413e+01   1.7234056e+02
   9.2330473e+01   1.5063580e+02
   1.5134280e+02   1.0474432e+02
   1.0388978e+02   2.6397152e+01
   1.3406237e+02   1.6242228e+02
   1.5110828e+02   1.6131817e+02
   6.1094679e+01   6.3279846e+01
   8.2830905e+01   1.8442094e+02
   1.3117556e+02   4.2402228e+01
   1.7824091e+02   1.2208816e+02
   1.7303062e+02   5.2409151e+01
   1.7638625e+02   1.5630212e+02
   1.3998176e+02   1.8649390e+02
   5.2467025e+01   3.8458007e+01
   8.8035731e+01   1.2845825e+02
   1.1605867e+02   1.6041265e+02
   6.7121849e+01   1.0286140e+02
   1.2812431e+02   6.1192195e+01
   7.3073765e+01   3.2931458e+01
   1.3224986e+02   1.5822599e+02
   1.3079741e+02   3.4039537e+01
   1.6550455e+02   6.4448823e+01
   1.4431620e+01   4.9086952e+01
   3.2522824e+01   9.8901689e+01
   2.0291564e+01   1.7942025e+02
   1.0374657e+02   8.3583667e+01
   1.0683960e+02   4.6637686e+01
   1.4926957e+02   1.4055242e+02
   1.4037518e+01   1.7327919e+02
   1.3000905e+02   1.8820895e+02
   1.0745837e+01   1.1483985e+02
   1.0038188e+02   9.5860012e+01
   1.6047685e+02   1.6763716e+02
   1.4518483e+02   1.7031242e+02
   4.2734565e+01   1.3304397e+02
   5.3594434e+01   1.4785322e+02
   4.0945207e+01   1.2736508e+02
   6.6740046e+01   1.8400629e+02
   5.1650808e+01   1.5647188e+02
   1.8731717e+02   1.3596747e+02
   1.6720162e+02   1.9063687e+01
   1.3894419e+02   4.0114325e+01
   1.1043094e+02   1.0483357e+02
   4.5486442e+01   1.1366449e+02
   1.1775118e+02   1.4057295e+02
   6.1631516e+01   1.7932230e+02
   5.0923307e+01   1.2177510e+02
   7.2820936e+01   7.2954190e+01
   1.2295915e+02   1.8397426e+02
   1.3761552e+02   6.4229299e+01
   1.5034538e+02   6.0285451e+01
   1.4664471e+02   5.7299722e+01
   3.6734802e+01   1.7923165e+02
   1.8566132e+02   1.4843543e+02
   2.7396114e+01   1.7724541e+02
   1.3715847e+02   1.3657585e+02
   1.4366399e+02   3.5286112e+01
   3.6441728e+01   1.8357591e+02
   9.5402984e+01   1.8955031e+02
   1.8311791e+02   4.4114956e+01
   9.7668234e+01   2.6939391e+01
   1.3416412e+02   6.8389417e+01
   6.8565005e+01   1.5332097e+01
   7.4205225e+01   1.4841599e+02
   1.1292101e+02   1.8283815e+01
   3.7548948e+01   1.6443005e+02
   8.1407980e+01   1.6402500e+02
   1.0598877e+02   1.2424887e+02
   1.7890757e+02   1.3109925e+02
   1.7543128e+02   2.3432643e+01
   5.2973664e+01   1.6434107e+02
   1.7671874e+02   1.3999846e+02
   6.0566229e+01   8.1574494e+01
   1.1959302e+02   1.4662805e+02
   1.4862203e+02   1.1239333e+02
   7.9649454e+01   7.6282106e+01
   1.7189810e+02   1.5375846e+02
   9.5507473e+01   4.4203485e+01
   2.1143536e+01   5.5919365e+01
   5.0826308e+01   1.4471466e+02
   1.1190739e+02   1.3954590e+02
   1.1707856e+01   1.5792871e+02
   1.4029930e+02   3.4946198e+01
   1.4292015e+02   5.4474457e+01
   1.6833854e+02   1.0711287e+02
   1.1324033e+02   1.1537280e+02
   1.0936667e+01   3.7475433e+01
   1.0055111e+02   1.4930303e+02
   1.8027259e+01   1.4378169e+02
   8.4991199e+01   1.3160890e+02
   1.6418733e+02   7.8982365e+01
   1.7040882e+02   2.9309302e+01
   5.3414784e+01   2.8571473e+01
   1.5099574e+01   7.1849313e+01
   1.8663971e+02   1.8616885e+02
   7.7966006e+01   8.3436870e+01
   1.6327984e+02   4.4013939e+01
   1.4607432e+02   1.3835209e+02
   9.3408563e+01   1.6539048e+02
   1.1257426e+02   1.0891578e+02
   1.8241205e+02   1.1394481e+02
   1.5066117e+01   1.3100698e+02
   1.6654067e+02   5.4164698e+01
   1.5557409e+02   4.2998461e+01
   1.1502446e+02   2.8733298e+01
   6.3659786e+01   7.6626643e+01
   1.6362540e+02   1.2956724e+02
   1.0940724e+02   4.2286623e+01
   1.4662771e+02   1.4055055e+02
   1.0062625e+02   1.2540407e+02
   8.6825709e+01   1.4420522e+02
   1.0812416e+02   5.6539126e+01
   1.0097089e+02   1.8390365e+02
   1.2268403e+02   9.9740680e+01
   7.2667921e+01   8.2306024e+01
   7.9189821e+01   5.9093483e+01
   1.4887416e+02   4.3535290e+01
   6.8320899e+01   1.0790379e+02
   5.3194009e+01   2.0516457e+01
   1.3297659e+01   8.3201181e+01
   1.3436071e+02   1.5585679e+02
   1.8033274e+02   1.5114794e+02
   9.9814022e+01   1.8099469e+02
   1.5086096e+02   5.7603340e+01
   1.4891957e+02   7.5193750e+01
   1.7497575e+02   1.7018761e+02
   9.1487062e+01   1.0913466e+02
   4.4603256e+01   1.1910932e+02
   3.2086454e+01   1.4348524e+02
   1.6752332e+02   4.7878994e+01
   1.0982601e+01   6.2090381e+01
   1.3041974e+02   3.0295158e+01
   5.6086419e+01   4.5393985e+01
   6.2367118e+01   5.5043471e+01
   6.4047397e+01   9.4210702e+01
   8.5968759e+01   1.1267232e+02
   1.5738147e+02   1.1442172e+02
   1.3418566e+02   1.4062654e+02
   1.3287144e+02   8.2812435e+01
   3.6161477e+01   1.7114035e+01
   1.5359393e+02   2.8840364e+01
   9.0497546e+01   5.2656559e+01
   2.1608755e+01   1.0157219e+02
   1.3606576e+02   1.8866557e+01
   1.0331435e+02   9.3228667e+01
   1.7167682e+02   3.9716918e+01
   1.1216603e+02   4.0625377e+01
   6.4025752e+01   1.9498574e+01
   9.0551517e+01   9.5668580e+01
   9.7316254e+01   6.0330723e+01
   8.0057751e+01   1.0484076e+02
   1.1054132e+02   2.4095499e+01
   1.2604546e+02   1.2001010e+02
   1.1636194e+02   8.0513197e+01
   1.1538545e+02   1.4116092e+02
   1.3266849e+02   1.2688653e+02
   1.3338048e+02   7.8893009e+01
   1.4937931e+02   1.2953735e+02
   1.7903821e+02   8.0806245e+01
   8.4149473e+01   1.3465848e+02
   6.3749886e+01   1.7701730e+02
   4.0818313e+01   1.8326213e+02
   1.2136815e+02   1.2912117e+02
   1.0106550e+02   1.5499312e+02
   1.9890885e+01   1.7355546e+02
   6.1802510e+01   2.6590492e+01
   7.6047784e+01   1.4163097e+02
   9.1108014e+01   3.2570387e+01
   1.8682143e+02   5.5393941e+01
   8.6199175e+01   1.1531455e+01
   9.4365897e+01   3.8350739e+01
   1.1079954e+02   3.9125513e+01
   1.5461875e+02   7.6913956e+01
   7.6606207e+01   1.8147329e+02
   1.3341507e+02   1.1246586e+02
   4.4114817e+01   7.7959036e+01
   4.5354401e+01   1.0763665e+02
   3.9176414e+01   1.4889518e+02
   1.3119996e+02   1.3229930e+02
   1.6211968e+02   8.5893705e+01
   1.5277631e+02   1.4281153e+02
   7.7873145e+01   1.0364692e+02
   7.6447255e+01   1.7662426e+02
   7.4099076e+01   1.0663843e+02
   6.8834144e+01   9.6598885e+01
   5.2640425e+01   1.6686382e+02
   1.8177760e+02   3.5286294e+01
   1.3101313e+02   2.1506190e+01
   1.3041518e+02   1.4588009e+02
   1.2306338e+02   7.7185692e+01
   7.3460422e+01   1.3970695e+02
   1.0975660e+02   1.7537451e+02
   1.3472863e+01   3.5756352e+01
   2.8758478e+01   1.3257756e+02
   4.6137832e+01   1.5827811e+02
   3.4077248e+01   1.8008650e+02
   7.0796897e+01   6.4236170e+01
   1.8650540e+02   7.5225747e+01
   1.5489214e+01   1.4592091e+02
   1.1542931e+02   7.6901446e+01
   3.9456764e+01   7.9381354e+01
   1.8362897e+02   8.1062964e+01
   9.8640528e+01   1.4986101e+02
   1.6023903e+02   1.0999258e+02
   1.5810847e+02   1.0720236e+02
   1.2832799e+02   1.6165885e+02
   1.8864610e+02   2.4030591e+01
   6.3028221e+01   1.0749610e+02
   2.9121763e+01   1.5557538e+01
   5.2028367e+01   1.1101414e+02
   5.4612852e+01   1.5626731e+02
   6.6069907e+01   4.5284832e+01
   8.4211144e+01   6.6864668e+01
   4.0030789e+01   1.7921854e+02
   6.8498303e+01   2.5983145e+01
   4.5681879e+01   1.8988817e+02
   1.3249299e+02   1.0324304e+02
   1.6319736e+01   1.8856704e+02
   1.6587933e+02   1.1979057e+02
   1.2410037e+01   6.7823017e+01
   1.1572176e+02   1.8641910e+02
   1.8363143e+02   1.0378803e+02
   1.1887251e+02   1.1244191e+01
   3.0052497e+01   1.1474942e+02
   1.2714762e+02   5.1008627e+01
   8.7276988e+01   2.8344247e+01
   4.1257080e+01   3.3532939e+01
   6.2381937e+01   5.8835092e+01
   7.5791209e+01   9.9968857e+01
   1.0854375e+02   4.7870821e+01
   7.0104623e+01   3.0640086e+01
   2.2624442e+01   1.4274218e+02
   1.4700839e+01   1.0189959e+02
   2.4708248e+01   8.4663482e+01
   1.1421949e+02   4.6679560e+01
   2.7088724e+01   9.0584031e+01
   6.5223610e+01   1.1907631e+02
   7.7256134e+01   1.2946579e+02
   1.6535157e+02   1.6527650e+02
   7.4340433e+01   2.4481570e+01
   1.5137102e+02   1.2427654e+02
   1.2161104e+02   7.1944572e+01
   9.6572212e+01   1.8514617e+02
   1.2232839e+02   1.8940557e+02
   1.4319433e+02   1.3616986e+01
   1.2108948e+02   3.8830962e+01
   1.3068935e+01   5.2687600e+01
   6.9085983e+01   1.6024882e+02
   1.3744686e+02   1.5087124e+02
   4.0636044e+01   4.0201414e+01
   1.3233393e+02   1.4784007e+02
   1.0689807e+01   9.5947671e+01
   5.4288967e+01   1.2020291e+02
   2.4960247e+01   5.0424662e+01
   1.1908256e+02   9.8680183e+01
   5.6933268e+01   5.6432623e+01
   1.5104306e+02   6.6230809e+01
   1.6660599e+02   2.2721206e+01
   3.4087692e+01   1.3369871e+02
   1.5703388e+02   1.1024202e+02
   1.0603142e+02   1.7736609e+02
   1.6882811e+02   1.5183962e+02
   1.0942977e+02   3.7258345e+01
   1.5830854e+02   1.1724890e+02
   1.6932608e+02   9.9260985e+01
   1.0932152e+02   4.4261203e+01
   1.4352582e+02   8.4620665e+01
   9.3023436e+01   1.4694408e+02
   8.4720237e+01   1.6037315e+02
   1.5934459e+02   1.4109367e+02
   1.0910171e+02   1.5757213e+02
   1.5503371e+02   1.1814521e+02
   1.4726163e+02   4.1247311e+01
   8.4290449e+01   1.8649171e+02
   2.1369622e+01   1.4986233e+02
   1.6038117e+02   1.5591315e+02
   5.6021959e+01   8.9143421e+01
   9.0242677e+01   7.8424016e+01
   1.0168234e+02   1.5808287e+02
   8.2194084e+01   1.4417537e+02
   1.3240865e+02   1.2449094e+02
   1.2170084e+01   1.5101970e+02
   4.1437593e+01   8.0893605e+01
   5.8180083e+01   5.1126498e+01
   1.6358799e+02   1.2170674e+02
   1.3513361e+02   1.6014080e+01
   3.5346909e+01   7.1452045e+01
   1.8632397e+02   1.6914871e+02
   1.2135755e+02   1.7761772e+02
   3.2782387e+01   1.6182777e+02
   8.4107876e+01   8.8545603e+01
   1.4126907e+02   8.0639878e+01
   1.7618048e+02   6.2259160e+01
   1.0455723e+02   9.1800012e+01
   3.4111067e+01   2.7429021e+01
   5.3304173e+01   4.3069193e+01
   9.3288799e+01   1.3173031e+02
   1.4138886e+02   3.2999626e+01
   1.4562418e+02   8.7237003e+01
   1.8463023e+02   1.6227762e+02
   1.0648084e+01   1.1680334e+02
   3.9029088e+01   1.7613773e+02
   1.4816853e+02   1.5647770e+02
   1.0324778e+01   1.5126025e+01
   3.2430873e+01   2.0446337e+01
   1.6037585e+02   1.3350828e+02
   1.5241713e+02   3.9853420e+01
   8.6853978e+01   1.5019313e+02
   3.7915888e+01   8.4974292e+01
   1.4788044e+02   1.3184902e+02
   4.8750048e+01   1.1409035e+02
   1.6521027e+02   1.6250832e+02
   4.5488691e+01   7.1654885e+01
   1.3630391e+02   4.8497922e+01
   1.4410747e+02   1.0382282e+02
   1.3321909e+02   2.1288710e+01
   1.7724584e+02   8.1653468e+01
   1.7841398e+02   7.1984645e+01
   1.7002247e+02   1.3840467e+02
   6.6169724e+01   3.5837552e+01
   5.2727763e+01   7.0755920e+01
   6.4242408e+01   1.2146976e+02
   6.3269167e+01   8.1048771e+01
   1.5766881e+02   1.5048245e+02
   8.9279489e+01   1.0458982e+02
   1.6097174e+02   1.6347393e+02
   1.2186439e+02   1.5819403e+02
   1.9246859e+01   7.3984172e+01
   2.6325655e+01   1.4210614e+02
   1.4323383e+02   3.3537942e+01
   6.6342290e+01   1.9929329e+01
   3.8662550e+01   1.2350582e+02
   1.7607724e+01   1.3322612e+02
   4.1978084e+01   1.0387407e+02
   8.3906020e+01   1.7541029e+02
   1.6777280e+02   1.3823455e+02
   8.6354387e+01   8.5632788e+01
   1.1219970e+02   2.0108107e+01
   6.0915718e+01   1.7464451e+02
   7.4120730e+01   1.8509068e+02
   9.2787545e+01   1.2610582e+02
   6.9229278e+01   1.3026984e+02
   5.3597000e+01   9.2878730e+01
   1.7390511e+02   1.0165695e+02
   1.6806043e+02   9.3441535e+01
   1.2970600e+01   1.3715663e+02
   1.3603894e+01   8.5101342e+01
   8.3389423e+01   1.1260316e+02
   1.7498470e+02   5.2806186e+01
   4.0444806e+01   1.6512948e+02
   1.0049702e+02   8.4564778e+01
   3.1576648e+01   1.0481536e+02
   9.7435868e+01   2.4868545e+01
   1.5467152e+02   9.0945988e+01
   1.4590184e+02   1.1502433e+02
   8.8561516e+01   3.8840186e+01
   1.4489305e+02   1.3000421e+01
   6.8450334e+01   7.4290941e+01
   1.3577004e+02   6.5338940e+01
   8.2088645e+01   1.7171708e+02
   1.3983875e+02   1.4902830e+02
   1.5246449e+02   1.6323827e+02
   1.8041931e+02   7.1860514e+01
   4.0993056e+01   3.0081067e+01
   1.4307194e+02   1.3539359e+02
   4.6399932e+01   1.0980140e+02
   1.5649523e+02   1.6957784e+02
   1.8498267e+02   6.5276233e+01
   1.0628724e+02   7.1101823e+01
   1.7871328e+02   1.3454524e+02
   1.3602187e+02   1.1715037e+02
   4.3740155e+01   9.1694892e+01
   3.3853538e+01   6.6251666e+01
   9.1022046e+01   6.2777466e+01
   5.9086545e+01   1.4812340e+02
   8.5826547e+01   1.8505625e+02
   8.3757773e+01   3.4012615e+01
   2.5990427e+01   1.0014523e+02
   1.0787956e+02   2.9089225e+01
   5.5702349e+01   1.5942985e+02
   1.3345413e+02   3.0854647e+01
   5.8254774e+01   2.8959087e+01
   6.0733988e+01   1.8548705e+02
   2.5216285e+01   1.5409897e+02
   3.6881363e+01   6.8231511e+01
   8.0622305e+01   4.4360728e+01
   1.4162676e+02   1.6094060e+02
   8.8567124e+01   7.6601722e+01
   2.7401409e+01   2.7315460e+01
   1.1652137e+02   1.7811196e+01
   1.1272059e+02   1.5319510e+02
   1.6392050e+02   8.9368399e+01
   1.8074421e+02   1.4498455e+02
   3.0489164e+01   1.0417993e+01
   5.7922165e+01   1.2550626e+01
   1.6274413e+02   9.8371001e+01
   2.3866302e+01   2.3926801e+01
   1.1968343e+02   1.8826810e+01
   1.3104721e+02   7.3666946e+01
   1.5149597e+02   1.7242963e+02
   3.0606471e+01   6.2584069e+01
   1.0913699e+02   1.9591240e+01
   1.5752720e+02   8.7434867e+01
   9.6729660e+01   1.5437611e+02
   7.9872503e+01   5.5067187e+01
   1.7778040e+02   6.6990488e+01
   9.0153293e+01   1.8986220e+02
   1.6475690e+02   1.5597516e+02
   1.4130032e+02   9.6318609e+01
   1.0712299e+02   3.1017366e+01
   1.0178080e+02   6.2900847e+01
   1.6256846e+02   1.7303696e+02
   1.1088832e+02   8.1493439e+01
   1.5407558e+02   1.4991073e+02
   1.8657818e+02   1.2377133e+01
   8.7503203e+01   1.5878218e+02
   1.1843290e+02   3.7606000e+01
   1.5252566e+02   1.1973047e+02
   1.7810635e+02   1.1833985e+02
   4.0932708e+01   1.4033216e+02
   1.0773622e+02   1.2974743e+02
   1.6103748e+02   3.6828768e+01
   4.3368200e+01   4.7515667e+01
   1.2776168e+02   3.2094586e+01
   1.7233980e+02   6.5889958e+01
   3.5292851e+01   1.6600774e+02
   1.0411319e+02   3.0955282e+01
   5.8374817e+01   1.4125477e+02
   2.5156634e+01   5.4031942e+01
   2.1473730e+01   1.1094595e+02
   6.8355293e+01   3.4573587e+01
   1.5792171e+02   1.5511469e+02
   5.9464186e+01   3.2006397e+01
   5.7261872e+01   1.6441245e+02
   1.5111514e+02   1.4076710e+02
   9.7405338e+01   5.0985122e+01
   1.4225204e+02   2.5718491e+01
   1.8567378e+02   1.7947504e+02
   8.9838205e+01   1.8777150e+02
   5.8622647e+01   1.6187810e+02
   1.7237320e+02   1.7532638e+02
   4.1353808e+01   5.2651856e+01
   7.4738467e+01   1.4286788e+02
   9.5616441e+01   1.3783750e+02
   2.6756077e+01   1.0750119e+02
   1.0048809e+02   6.7681118e+01
   1.2578096e+02   1.5999484e+02
   1.6919554e+02   3.9016097e+01
   1.0096377e+02   3.2032796e+01
   7.3128556e+01   1.7177170e+02
   6.7048572e+01   1.8588468e+02
   1.2095922e+02   1.3436008e+02
   5.4329172e+01   5.2200366e+01
   1.6017438e+02   4.6553182e+01
   6.5326935e+01   1.6661015e+02
   1.1921060e+02   1.3297625e+02
   1.7098737e+02   1.5999189e+02
   1.4220430e+02   1.6885673e+02
   1.4269766e+02   1.1372242e+02
   1.3378995e+02   4.9206687e+01
   1.2851457e+02   2.7746203e+01
   8.6917083e+01   1.7352225e+02
   5.6432107e+01   6.7223231e+01
   2.6783681e+01   1.5594736e+02
   8.4029740e+01   1.1889591e+02
   4.3657315e+01   6.3101285e+01
   1.2585605e+01   1.0364206e+02
   2.5390477e+01   4.3853104e+01
   1.5816248e+02   1.0182679e+02
   1.7377527e+02   8.1014908e+01
   1.6233926e+02   1.5678665e+02
   1.5966471e+02   1.8169580e+02
   1.7651426e+02   3.4950555e+01
   1.2321556e+01   1.2570810e+02
   3.1431649e+01   8.5123736e+01
   6.4405718e+01   3.7609833e+01
   9.6413442e+01   1.0319094e+02
   1.5050698e+02   1.0202006e+02
   3.0819449e+01   8.9651463e+01
   1.3424269e+02   1.7499926e+02
   6.4295116e+01   3.0129212e+01
   1.2667576e+02   1.6713123e+02
   1.6952256e+02   1.8597255e+02
   4.9944771e+01   2.5552008e+01
   1.0279483e+01   1.4568006e+02
   1.1998411e+02   6.7372276e+01
   1.8572330e+02   1.4657640e+02
   1.1422251e+02   1.6686144e+02
   6.4308322e+01   1.6813070e+02
   1.5227341e+02   1.2840256e+02
   1.2249577e+02   6.1759873e+01
   7.9983327e+01   6.4314217e+01
   5.4614049e+01   2.3358332e+01
   1.8764950e+02   5.7843581e+01
   1.8026392e+02   7.9338503e+01
   7.8838520e+01   1.8824898e+01
   9.1542605e+01   8.0043358e+01
   5.4492799e+01   6.9759616e+01
   1.7884790e+02   1.7518602e+02
   5.4053966e+01   1.2259676e+02
   6.2358182e+01   9.2403536e+01
   1.2138242e+01   5.8907469e+01
   1.0732306e+02   1.7408253e+02
   5.0667287e+01   1.7974849e+02
   6.7426544e+01   5.0089228e+01
   6.0754283e+01   7.7527700e+01
   8.2801818e+01   1.2999084e+02
   7.0599134e+01   8.2709679e+01
   6.5177210e+01   1.8096894e+02
   1.7381550e+02   9.6953745e+01
   1.2329736e+02   1.2838386e+02
   1.7990818e+02   1.1327221e+02
   6.4965895e+01   1.5772187e+02
   4.2637662e+01   2.4968807e+01
   1.6169666e+02   8.3740433e+01
   1.0403531e+02   9.9195138e+01
   1.0187849e+02   5.4273133e+01
   1.5345929e+02   6.6251585e+01
   9.4825030e+01   7.8845405e+01
   7.6430273e+01   4.0921790e+01
   1.2372809e+02   1.5913525e+02
   1.0243652e+02   1.1236256e+02
   1.5903649e+01   1.9285861e+01
   6.6517744e+01   1.2262756e+02
   2.4483037e+01   1.2308682e+01
   1.8994702e+01   9.2970455e+01
   6.0365186e+01   4.7657069e+01
   1.0096444e+02   1.6916160e+02
   1.7812986e+01   5.4783664e+01
   1.1523462e+02   9.3703380e+01
   9.0874280e+01   1.3163227e+01
   9.0423144e+01   9.9331081e+01
   8.4805917e+01   1.2411347e+02
   5.1720315e+01   8.0193945e+01
   2.4709748e+01   3.4974536e+01
   9.9968392e+01   1.0580324e+02
   1.0728062e+02   9.8372742e+01
   1.8208563e+02   6.4169401e+01
   1.0852204e+02   8.4266004e+01
   3.2335333e+01   1.4332547e+01
   1.0527702e+02   1.6084664e+02
   1.1694691e+02   4.4013193e+01
   3.7679067e+01   1.0897761e+01
   4.0444096e+01   1.3053501e+02
   1.0980334e+02   1.8193763e+02
   1.5255938e+02   1.4658518e+02
   1.1280278e+01   1.0602292e+02
   1.5564116e+02   1.5666523e+01
   2.3574378e+01   1.6796156e+02
   6.6844596e+01   7.7816564e+01
   8.2318579e+01   6.6384730e+01
   1.1428213e+02   1.7360687e+02
   4.9719917e+01   5.4187882e+01
   1.0405357e+01   1.3444962e+02
   6.2008071e+01   1.6178256e+02
   1.8218011e+02   1.2068321e+02
   1.3426961e+02   1.2981865e+02
   2.5491373e+01   1.8682288e+02
   3.1225975e+01   1.8406837e+02
   1.2509464e+02   9.4606636e+01
   5.6547875e+01   2.4566203e+01
   1.6294943e+02   8.0538149e+01
   1.2041813e+02   1.8145829e+02
   5.6634080e+01   9.4165905e+01
   7.6599245e+01   1.3603037e+02
   3.9571164e+01   1.4585747e+02
   2.7677047e+01   1.8568236e+02
   7.8648627e+01   1.1298302e+02
   6.1497802e+01   6.9220588e+01
   7.2260633e+01   2.0835532e+01
   1.4921054e+02   1.2026570e+02
   2.1542799e+01   5.9459685e+01
   4.7530112e+01   1.6887754e+02
   1.1326010e+02   1.6133145e+02
   1.4880413e+02   1.1884177e+01
   4.5191889e+01   1.2395417e+02
   8.3229751e+01   1.3693153e+02
   7.7046648e+01   4.4460245e+01
   1.0176639e+02   4.9903889e+01
   1.1813640e+02   1.1193102e+02
   1.3366625e+02   9.4036899e+01
   1.7492338e+02   1.3171310e+02
   5.9673650e+01   1.0029979e+02
   1.4150620e+02   6.0348540e+01
   2.8339234e+01   1.2238927e+02
   3.7376717e+01   5.0126604e+01
   1.3129737e+02   1.0641843e+02
   5.8060794e+01   1.1590779e+02
   1.6432388e+01   1.0530945e+02
   7.7341449e+01   2.2638370e+01
   1.4202716e+01   5.7952717e+01
   1.2032416e+02   2.4267763e+01
   1.6720051e+02   9.9574908e+01
   1.8192932e+02   1.6926196e+02
   9.4949335e+01   1.3539161e+02
   9.3689298e+01   1.1933662e+01
   1.4886276e+02   8.9440835e+01
   1.0197742e+02   9.1330144e+01
   1.6669535e+02   6.9978097e+01
   1.4609869e+02   6.2075945e+01
   1.7364702e+02   1.5469273e+02
   1.8886090e+02   1.2587846e+02
   4.8970927e+01   1.7238301e+02
   4.7514100e+01   1.8876836e+02
   1.2808709e+02   1.2835586e+02
   1.6762677e+02   1.1647950e+02
   1.6946966e+02   1.6452840e+02
   5.7137753e+01   1.3279293e+02
   1.6893851e+02   2.0377678e+01
   5.1604796e+01   4.8662742e+01
   5.9257945e+01   6.7499223e+01
   1.5729931e+02   1.8283667e+02
   1.5754678e+02   9.5013821e+01
   8.7906262e+01   9.1456154e+01
   1.7321839e+01   6.4548492e+01
   2.1342428e+01   1.1659151e+02
   1.2981700e+02   1.0131655e+02
   1.8881901e+02   1.2375261e+02
   4.5063554e+01   5.8035079e+01
   1.8753213e+02   4.1279488e+01
   5.5174908e+01   1.8549028e+02
   1.3497336e+02   1.0491403e+02
   5.2014742e+01   6.2456719e+01
   3.0671100e+01   1.5373742e+02
   1.8529186e+02   9.0621925e+01
   1.4626730e+02   1.5880022e+02
   3.8768519e+01   2.7501606e+01
