   6.3246820e+02   3.8045889e+02
   1.0920130e+03   6.3741721e+02
   1.1254595e+03   1.0951816e+03
   6.7374643e+02   1.7445256e+02
   8.8932944e+02   1.6504503e+03
   1.7362182e+03   1.0995276e+03
   1.2054911e+03   1.3951730e+03
   5.2365099e+02   1.8294036e+03
   7.4335749e+02   1.3503596e+03
   9.7914225e+02   7.3674195e+02
   1.5921470e+03   1.0100555e+03
   1.4904451e+02   9.3081087e+02
   1.6989334e+03   1.3671022e+03
   1.8696942e+03   8.3303093e+02
   4.9151873e+02   2.2653871e+02
   3.3481136e+02   1.6054895e+03
   3.0305201e+02   8.3493404e+02
   8.6644494e+02   8.2707345e+02
   5.6906840e+02   1.3663340e+03
   1.2181172e+03   1.6336324e+03
   1.5254818e+03   1.4346148e+03
   8.9604599e+02   1.3319105e+03
   1.1904901e+03   1.3189428e+03
   1.4406805e+03   1.6033592e+03
   1.4475967e+03   7.9250325e+02
   1.6471858e+03   1.2048464e+03
   8.2131664e+02   1.0693510e+03
   1.3046723e+03   7.0862347e+02
   3.4622594e+02   4.2698153e+02
   1.5328311e+03   1.5160784e+03
   1.5472528e+03   1.3313811e+03
   1.1547147e+03   1.0477272e+03
   1.7212638e+03   9.6156501e+02
   9.0718790e+02   4.1733000e+02
   5.2738219e+02   7.8032036e+02
   4.0230455e+02   1.3422046e+03
   2.9665300e+02   1.1886679e+03
   4.5819817e+02   7.0965278e+02
   1.3319001e+03   1.1954599e+03
   1.8258439e+03   1.5353732e+02
   5.4269200e+02   1.0077807e+03
   3.5839694e+02   3.2796889e+02
   1.6547885e+03   9.1706809e+02
   1.4865245e+03   7.0926672e+02
   1.7526376e+03   1.0721098e+02
   1.7081950e+03   1.5989565e+03
   3.0573730e+02   3.8824855e+02
   1.0283224e+02   3.0877421e+02
   1.6195263e+03   1.7002802e+03
   1.0397491e+03   4.8729058e+02
   1.3529907e+03   4.2146285e+02
   1.5276771e+02   1.5784239e+03
   1.2497156e+03   1.4489827e+03
   9.5700856e+02   1.6369623e+03
   8.6686378e+02   2.4468753e+02
   1.4448395e+03   3.5984535e+02
   8.9623073e+02   1.2438602e+03
   5.0698413e+02   6.6318138e+02
   1.6521105e+03   2.8693769e+02
   3.6540298e+02   1.1619312e+03
   1.8055305e+03   1.8822797e+03
   1.4532211e+03   2.6877926e+02
   1.2710279e+03   1.7179776e+03
   3.2630483e+02   1.4192258e+03
   7.7267576e+02   8.2272473e+02
   1.5636964e+03   1.1322507e+03
   1.7730105e+03   1.6016266e+03
   1.2227348e+03   1.5354931e+03
   1.4442287e+03   9.2696755e+02
   1.4155366e+03   1.7215100e+03
   6.7377543e+02   1.4012196e+03
   1.1634950e+03   5.1785630e+02
   3.2236171e+02   1.1087485e+03
   1.2796681e+03   1.5010919e+03
   1.0522207e+03   4.3226156e+02
   1.1661371e+03   1.6042432e+03
   1.8108447e+03   6.1732147e+02
   2.3196769e+02   8.1881623e+02
   1.7295174e+03   2.6966184e+02
   7.8014652e+02   7.1693686e+02
   9.2103008e+02   1.8827829e+03
   3.4467082e+02   1.3348751e+03
   1.4210038e+03   1.8224638e+03
   1.4747601e+03   1.1641613e+03
   5.9472536e+02   1.1622170e+03
   1.8109253e+03   1.3532646e+03
   8.4870588e+02   8.7904372e+02
   9.2625535e+02   8.1848352e+02
   1.4724738e+03   1.8886707e+03
   4.4906659e+02   1.2435008e+03
   1.3157790e+03   1.8801219e+02
   1.8006461e+03   2.1360572e+02
   4.1928820e+02   1.4317173e+03
   1.8613359e+03   1.5694257e+03
   3.8429165e+02   1.4192740e+02
   5.5024439e+02   1.0828954e+03
   2.1265918e+02   1.7723995e+03
   1.6147205e+03   1.2555077e+03
   1.7174462e+02   8.1966229e+02
   9.1895997e+02   5.1251177e+02
   6.1546621e+02   8.3884917e+02
   3.6437701e+02   8.0601305e+02
   1.6626342e+02   1.4608022e+03
   1.0175365e+03   1.8714591e+03
   5.2316206e+02   1.3131238e+03
   9.6312268e+02   9.7627531e+02
   1.8728457e+03   6.8699374e+02
   6.9434812e+02   2.7754620e+02
   1.6375859e+03   1.0988318e+03
   1.7072818e+03   1.1597436e+03
   2.2262811e+02   1.6394768e+03
   1.2635566e+03   1.2566803e+02
   1.1328157e+03   6.8978794e+02
   1.0354124e+03   3.5097246e+02
   1.8417583e+03   1.4243261e+03
   8.6659023e+02   6.4973453e+02
   1.5854090e+03   3.1902225e+02
   2.7259419e+02   1.6918688e+03
   1.1856414e+03   3.3656807e+02
   1.6919393e+03   1.3085301e+03
   6.9199132e+02   1.2872272e+03
   1.2087273e+03   3.8830137e+02
   1.1128086e+03   3.9653296e+02
   2.6743064e+02   1.5459213e+03
   6.4575973e+02   9.4470206e+02
   1.7428539e+03   1.2815508e+03
   1.2223096e+03   9.4828092e+02
   3.9770082e+02   1.5802070e+03
   1.0527403e+03   1.6225097e+03
   1.5676046e+03   1.7711663e+03
   8.0674854e+02   1.4554135e+03
   5.9509945e+02   1.5241884e+03
   1.3778486e+03   1.8613117e+03
   1.1131507e+03   1.5149535e+03
   1.0414960e+03   1.2350927e+03
   7.9805749e+02   2.6330559e+02
   1.0587895e+03   1.4464558e+03
   3.8638199e+02   1.2427175e+03
   1.5300656e+03   5.0561302e+02
   1.8988664e+03   1.0451756e+03
   1.2506973e+03   3.0861430e+02
   7.5983529e+02   1.4687894e+02
   1.1896804e+03   8.4750417e+02
   8.4049217e+02   1.7074319e+03
   1.8325256e+03   9.4534024e+02
   7.2538793e+02   1.1140561e+03
   1.2972102e+03   1.1385859e+03
   3.7760548e+02   9.5556818e+02
   1.8675586e+03   1.4843021e+03
   1.4727068e+02   1.3880193e+03
   1.8979210e+03   4.3664834e+02
   1.3883355e+03   1.1775981e+03
   1.0937064e+03   1.8704927e+03
   6.5259459e+02   1.6780189e+03
   1.6701975e+03   1.6695984e+03
   9.5127834e+02   1.6872525e+02
   9.7994166e+02   1.1090140e+03
   1.1195531e+03   1.3060841e+02
   1.7877088e+03   1.2351748e+03
   5.3929686e+02   7.1322416e+02
   1.4935520e+03   1.2540171e+03
   1.0722508e+02   1.1633316e+03
   8.2774392e+02   5.8474069e+02
   1.0882223e+03   8.0733262e+02
   1.7657184e+03   6.5396465e+02
   8.8130267e+02   1.3890020e+03
   1.0716165e+03   7.0676231e+02
   1.2079491e+03   7.9042522e+02
   5.5654725e+02   3.3716143e+02
   1.2915128e+02   4.5781740e+02
   6.4366590e+02   6.6594282e+02
   1.4782717e+03   1.8142977e+03
   8.8165012e+02   1.4668562e+03
   1.7032329e+03   8.6623266e+02
   5.7301168e+02   1.6013077e+03
   1.0063544e+03   1.6534675e+02
   4.6693264e+02   8.7307435e+02
   1.8881013e+03   1.2423363e+03
   1.5252447e+03   1.6982329e+03
   1.8603791e+03   1.2890896e+03
   2.8434723e+02   2.1745653e+02
   3.5857350e+02   6.8734914e+02
   1.2666110e+03   4.2684830e+02
   1.2833676e+03   1.8767325e+03
   1.7861848e+03   4.8239293e+02
   1.1532561e+03   1.7073050e+03
   8.8395878e+02   5.7200317e+02
   2.6063210e+02   6.7897458e+02
   1.7588741e+03   1.0068356e+03
   9.6937287e+02   6.3867154e+02
   1.1669040e+03   9.4586485e+02
   1.6584848e+03   6.5470536e+02
   7.4493042e+02   3.6370883e+02
   1.7130674e+03   5.4417459e+02
   1.0132451e+03   1.4059357e+03
   5.0026349e+02   1.6915377e+03
   3.0854604e+02   5.6545850e+02
   5.9727106e+02   1.4520261e+03
   1.1877486e+03   4.5510282e+02
   2.8736730e+02   1.0081308e+03
   7.7669301e+02   1.7508763e+03
   7.1922944e+02   1.7026553e+03
   1.4148837e+03   1.0136580e+03
   7.1305319e+02   8.7946608e+02
   2.7065344e+02   1.2404926e+03
   1.7276816e+03   1.5451849e+03
   1.6959432e+03   1.2504204e+02
   6.1162369e+02   1.0116551e+03
   1.1607182e+03   1.8112236e+03
   2.5081544e+02   1.8487653e+03
   3.6524087e+02   1.7427198e+03
   4.0568734e+02   2.5729666e+02
   1.3767000e+03   1.6109315e+03
   1.6229462e+03   1.5975966e+03
   1.1295664e+03   1.6551371e+03
   1.0390939e+02   7.4916371e+02
   1.1960750e+03   2.0261992e+02
   1.6049544e+03   4.7169125e+02
   7.3382209e+02   1.4680389e+03
   7.3604170e+02   7.6158514e+02
   1.6525621e+03   2.1069725e+02
   5.1442472e+02   1.4507860e+03
   1.4018770e+03   1.4718346e+02
   1.4058863e+03   5.5707250e+02
   4.0052004e+02   1.0284685e+03
   9.6378368e+02   1.5756646e+03
   1.2522580e+03   7.4758891e+02
   1.1743575e+03   7.2749026e+02
   9.8503887e+02   1.7055664e+03
   8.4261794e+02   9.9167241e+02
   5.6117845e+02   1.8747813e+03
   5.5181932e+02   5.5563390e+02
   9.2702960e+02   1.1690778e+03
   1.5567158e+03   1.8860506e+03
   9.1634963e+02   9.2082654e+02
   9.6058834e+02   4.0571822e+02
   1.7842401e+03   2.7200807e+02
   1.1307257e+03   8.5331711e+02
   7.3045921e+02   1.8473162e+03
   1.1558339e+03   1.2365669e+03
   6.2205907e+02   1.2218988e+03
   8.4373059e+02   1.7074572e+02
   1.3854310e+03   7.1882499e+02
   1.3519891e+03   1.7816388e+03
   1.2029219e+03   6.1181885e+02
   1.7985444e+02   1.8768021e+03
   1.0770564e+03   8.9428540e+02
   1.0249816e+03   9.5565131e+02
   1.8486234e+03   1.6680369e+03
   1.0588844e+03   1.8212857e+03
   4.7777190e+02   9.7116512e+02
   7.6131523e+02   9.1622542e+02
   3.8921127e+02   1.8260975e+03
   9.3594806e+02   3.1609695e+02
   5.8623542e+02   1.7730923e+03
   1.8487801e+03   7.4270195e+02
   8.5231797e+02   3.9766433e+02
   7.5262322e+02   4.8996869e+02
   1.5905455e+02   5.1298101e+02
   1.4724498e+02   9.9598196e+02
   5.9777572e+02   7.1614370e+02
   1.6830487e+03   1.0049865e+03
   7.8929336e+02   4.2939722e+02
   2.7715523e+02   4.5738994e+02
   7.6938821e+02   6.3189980e+02
   2.5197653e+02   3.5478929e+02
   5.9305931e+02   1.6106036e+02
   6.7004179e+02   1.1647393e+03
   7.2336600e+02   1.7852166e+03
   1.2558966e+03   1.3294889e+03
   1.3677180e+03   1.0621242e+03
   1.5875489e+03   8.7037685e+02
   6.0759864e+02   4.3051644e+02
   1.8324555e+02   6.4048155e+02
   3.6807630e+02   1.4608848e+03
   1.8189387e+03   1.0932304e+03
   1.0699567e+03   1.0479147e+03
   8.4361417e+02   1.2591488e+03
   1.5594089e+03   7.9774279e+02
   1.3421762e+03   2.6814857e+02
   1.7626645e+03   5.7402604e+02
   1.5304636e+03   1.0479266e+02
   1.0851712e+03   1.3165895e+03
   1.4392866e+03   6.1776504e+02
   8.7913489e+02   1.0691320e+03
   4.3556763e+02   1.4900117e+03
   1.6021426e+03   3.7204581e+02
   8.2048841e+02   5.1492865e+02
   5.1236993e+02   9.2786447e+02
   4.3615361e+02   1.6660717e+03
   4.7935031e+02   1.3957748e+03
   2.0436228e+02   1.7104756e+03
   1.8266554e+02   1.7720945e+02
   1.8869224e+03   3.0168059e+02
   1.7556288e+03   8.3960928e+02
   1.6012195e+03   6.3812115e+02
   1.5198519e+03   6.6481769e+02
   1.6363534e+02   1.0631941e+03
   1.4980370e+03   5.7363356e+02
   1.4353118e+03   6.7188473e+02
   1.3580130e+03   3.3983058e+02
   1.5417997e+03   7.1915981e+02
   1.5502666e+03   2.6512385e+02
   6.5688532e+02   1.5601704e+03
   3.1576987e+02   1.6579696e+03
   5.1458229e+02   1.5746225e+03
   6.2958165e+02   2.8921708e+02
   6.4377682e+02   1.7750863e+03
   1.5353339e+02   1.2193385e+03
   1.0517659e+02   1.6554777e+03
   1.2056401e+03   1.1376706e+03
   1.0811490e+03   2.8546318e+02
   1.0018852e+03   1.4935290e+03
   1.2999833e+03   1.0284259e+03
   9.1847656e+02   1.0227134e+03
   9.0220170e+02   1.7149332e+03
   1.6126089e+02   7.5061710e+02
   2.1614290e+02   9.5735344e+02
   1.7520020e+03   3.3974395e+02
   8.2284188e+02   1.1974188e+03
   1.4722521e+03   1.8224872e+02
   1.2510421e+03   1.0626807e+03
   1.5967637e+03   1.4178111e+03
   1.4836834e+03   1.7542937e+03
   1.3281446e+03   1.8314226e+03
   1.6390716e+03   7.9189257e+02
   6.0876799e+02   1.3185123e+03
   2.3089215e+02   5.4490767e+02
   1.5078607e+03   4.4092229e+02
   4.6491722e+02   1.0418720e+03
   1.6594868e+03   1.4793474e+03
   8.7414863e+02   7.1618664e+02
   1.0489183e+03   1.5649411e+03
   1.4787355e+03   8.7033253e+02
   5.6369233e+02   8.7537641e+02
   1.5065053e+02   8.7311193e+02
   1.0559289e+02   2.3915072e+02
   1.0830721e+03   1.1429803e+03
   3.3365957e+02   2.5289061e+02
   1.3094650e+03   8.6830351e+02
   5.1519699e+02   1.7719098e+03
   1.3824643e+03   9.1614191e+02
   8.3119226e+02   1.6087371e+03
   1.6308086e+03   1.8951982e+03
   8.6673248e+02   1.8444916e+03
   4.5634487e+02   1.8003200e+03
   4.4837450e+02   3.6095327e+02
   1.3580040e+03   1.3984773e+03
   1.7917100e+03   1.7338077e+03
   1.5618285e+03   1.0729533e+03
   1.7416233e+03   1.4515586e+03
   6.8479091e+02   1.8826603e+03
   6.4836956e+02   1.4767548e+03
   6.8417403e+02   6.0941895e+02
   1.3482045e+03   1.2882074e+03
   7.3318451e+02   5.6529219e+02
   4.3541755e+02   5.7995061e+02
   8.2555395e+02   1.3498825e+03
   1.1313776e+03   5.8395331e+02
   1.0041017e+02   1.0105079e+02
   1.5341184e+03   8.8548290e+02
   7.7816402e+02   1.4037503e+03
   1.5810027e+02   1.7592001e+03
   1.6052080e+02   2.9665060e+02
   5.3229666e+02   1.1893183e+03
   1.5151814e+03   3.7397579e+02
   6.6667915e+02   1.0139565e+03
   1.3803161e+03   5.0600637e+02
   1.2273277e+03   1.8376505e+03
   1.2102514e+03   1.7019355e+03
   9.4570810e+02   1.7593922e+03
   1.3600146e+03   1.7058553e+03
   1.4576085e+03   1.4992334e+03
   9.8404733e+02   9.0116609e+02
   1.6529517e+03   5.6597067e+02
   1.8031256e+03   1.4817424e+03
   2.8728051e+02   1.3799352e+03
   1.1379464e+03   1.4363291e+03
   1.1919441e+03   1.8863485e+03
   2.6679452e+02   1.4709031e+03
   5.7431763e+02   2.6841507e+02
   1.0339955e+03   5.6535378e+02
   1.5937739e+03   1.5113562e+03
   1.2745095e+03   4.8928106e+02
   7.2688992e+02   9.8889927e+02
   6.3566791e+02   1.0945551e+03
   1.3564706e+02   6.1337139e+02
   7.9509380e+02   1.6710795e+03
   1.1572841e+03   2.7733852e+02
   2.6869834e+02   1.4362732e+02
   1.4393115e+03   1.2795674e+03
   1.3551358e+03   6.5846486e+02
   1.4803804e+03   1.3743881e+03
   9.3960464e+02   1.4521262e+03
   1.1840800e+03   1.4784370e+03
   3.3640727e+02   1.8790895e+03
   6.7068028e+02   8.0743312e+02
   1.3766001e+03   1.4917745e+03
   4.6198817e+02   4.6390432e+02
   1.2931285e+03   5.9565627e+02
