   7.9589297e+01   4.3021292e+02
   6.0950014e+01   1.0625254e+02
   4.5109457e+02   3.3547110e+02
   7.0545132e+01   1.8579693e+02
   3.8610419e+02   7.8255909e+01
   1.6102510e+02   6.3908645e+01
   3.4682502e+02   3.4339303e+02
   2.8056221e+02   1.3836166e+02
   2.2158945e+02   4.8323427e+01
   5.5060694e+01   7.6727851e+01
   2.2051281e+02   3.5246175e+01
   3.4027062e+01   2.5991294e+02
   2.7580786e+02   3.6908073e+02
   1.7522656e+02   8.8983321e+01
   3.8359857e+02   9.3246352e+01
   3.2736773e+02   2.1029001e+02
   2.6696906e+02   2.3806028e+02
   3.8071359e+02   5.2612383e+01
   2.3830021e+02   2.3295745e+02
   1.6361790e+02   3.4511401e+02
   1.1139395e+02   1.9319952e+02
   1.4160674e+02   2.7247455e+02
   4.6578263e+02   1.7518533e+02
   1.4449098e+02   1.9863256e+02
   6.3915598e+01   3.2085107e+02
   3.2542409e+02   8.9684491e+01
   4.3112010e+02   2.4538397e+02
   1.4646644e+02   4.0175949e+02
   9.1661351e+01   2.4257728e+02
   1.4972334e+02   4.1804879e+02
   3.0654212e+02   2.5520542e+02
   4.1710428e+02   1.8976010e+02
   4.3318102e+02   3.0545863e+01
   6.0159023e+01   2.0243869e+02
   2.9009859e+02   2.8538107e+02
   4.6316119e+02   3.4151749e+02
   4.2880352e+02   2.8673481e+02
   7.6257152e+01   3.6041009e+02
   4.3918912e+02   3.7643606e+02
   9.5209568e+01   2.9612734e+01
   3.4585614e+02   3.2135803e+02
   4.5412975e+02   1.1803003e+02
   1.0971074e+02   9.1654272e+01
   2.6927427e+02   8.6666020e+01
   4.2520992e+02   1.4775234e+02
   4.4377424e+02   1.7603260e+02
   2.5464104e+02   2.1515908e+02
   8.0874503e+01   9.4759982e+01
   4.4717289e+02   4.6946632e+02
   2.9289518e+02   1.2228731e+02
   2.6493711e+02   4.5525922e+02
   1.2176131e+02   3.3574793e+01
   4.2543675e+02   6.3550443e+01
   2.1800796e+02   2.6402623e+02
   3.0878366e+02   2.0889822e+02
   1.6171848e+02   1.9422460e+02
   8.1124717e+01   4.6556323e+02
   9.1313571e+01   2.9189174e+02
   2.3305042e+02   1.2247175e+02
   1.7315911e+02   1.8823780e+02
   3.5448811e+02   2.3787722e+02
   3.9528127e+02   1.0896831e+02
   4.6298793e+02   4.0009116e+02
   8.5986161e+01   3.5527173e+02
   2.1798958e+02   3.0740450e+02
   9.8325638e+01   1.6572549e+02
   4.2631250e+01   2.1602799e+02
   3.5310413e+02   3.8807852e+02
   1.1319692e+02   2.7525791e+02
   4.7320141e+02   3.6358728e+02
   4.3927372e+02   3.5825531e+02
   2.4130304e+02   6.9309809e+01
   4.3258406e+02   1.5335470e+02
   3.3000750e+02   1.8028538e+02
   4.1917836e+02   7.8703232e+01
   4.3253585e+02   2.0733544e+02
   1.3562920e+02   3.2379757e+02
   1.3557531e+02   4.0280015e+02
   1.9207488e+02   3.8418845e+01
   3.7797053e+02   4.3481360e+02
   4.2312418e+02   3.9600441e+02
   1.1033356e+02   1.0799061e+02
   1.3448740e+02   1.5192011e+02
   4.5888731e+02   4.1649821e+02
   4.6958459e+02   2.7359773e+02
   4.3811672e+01   2.4724225e+02
   9.0317231e+01   3.7404632e+02
   4.4723485e+02   3.1726354e+02
   1.6367128e+02   7.4130086e+01
   2.0379852e+02   6.9770241e+01
   3.9886106e+02   2.6802480e+01
   6.9242493e+01   7.7766253e+01
   2.2280421e+02   1.8480207e+02
   1.3374309e+02   2.4484482e+02
   1.3064134e+02   3.0680771e+02
   1.4831168e+02   2.4425250e+02
   7.3705563e+01   2.6262203e+01
   3.9289467e+02   3.9809637e+02
   3.1128107e+02   1.7730300e+02
   4.6062406e+02   4.6328694e+02
   2.1218563e+02   3.7935212e+02
   3.3994687e+02   4.0299085e+02
   9.3514210e+01   2.7795261e+02
   1.4694499e+02   1.0546139e+02
   3.4337932e+02   4.6720053e+01
   4.6989772e+02   1.5751192e+02
   3.0330215e+02   1.8394751e+02
   7.9916986e+01   2.9310652e+02
   3.1276508e+02   4.3660904e+02
   1.3600134e+02   4.2874156e+02
   9.2054052e+01   3.4284449e+02
   6.1313779e+01   4.0059719e+02
   3.2031932e+02   1.3451081e+02
   3.7447516e+02   3.3116063e+02
   2.1661576e+02   1.2100511e+02
   4.0716842e+02   1.8127336e+02
   2.5044146e+02   3.9016225e+02
   4.3357981e+02   1.7797647e+02
   1.1423873e+02   4.2679506e+01
   1.0255126e+02   4.6562057e+02
   4.7235055e+02   1.8449146e+02
   3.5119035e+02   6.6137754e+01
   3.1391481e+02   3.8633402e+02
   1.8800660e+02   3.9085311e+02
   3.6648776e+02   1.6130694e+02
   4.6350682e+02   2.5296846e+02
   2.7398925e+02   6.6029022e+01
   1.8312254e+02   4.4629267e+02
   1.7928314e+02   2.6092502e+02
   4.2100341e+02   3.0605551e+02
   4.4982972e+02   1.3535871e+02
   2.7384070e+02   1.6990276e+02
   2.0031955e+02   3.3963555e+02
   9.1772193e+01   4.2037642e+02
   1.1590636e+02   8.0136286e+01
   7.2218772e+01   2.6782302e+02
   3.9451757e+02   2.3588712e+02
   4.1852131e+02   2.4871373e+02
   1.6668988e+02   2.7098331e+02
   1.9353146e+02   2.8210928e+02
   2.6670220e+02   4.7403545e+02
   6.7382343e+01   2.9058087e+02
   3.1517911e+02   1.0253158e+02
   2.6013211e+02   2.4830786e+02
   1.5432814e+02   3.3307590e+01
   1.8384892e+02   1.8731777e+02
   1.3158907e+02   1.8385633e+02
   2.8555507e+02   3.5427911e+02
   2.3084689e+02   4.5485619e+02
   2.5500643e+01   3.3088870e+02
   4.2103879e+02   3.2659768e+02
   9.4817554e+01   3.8624349e+02
   1.3170076e+02   8.6856494e+01
   3.3304527e+02   1.0724667e+02
   4.0300113e+01   5.2414348e+01
   4.3885171e+02   7.6659444e+01
   3.5320878e+02   1.3276484e+02
   2.4118504e+02   4.2691837e+02
   3.6174912e+01   3.5635703e+02
   1.1785697e+02   1.0214953e+02
   4.3210599e+02   4.2409150e+02
   4.3126195e+02   4.0250972e+02
   2.2698630e+02   3.0314905e+02
   3.2159352e+02   1.6038449e+02
   4.1342544e+02   2.1623397e+02
   2.6065567e+02   2.9498623e+02
   2.5066908e+02   9.2429802e+01
   4.5598110e+02   1.8078891e+02
   1.0375908e+02   2.0042884e+02
   3.9409184e+02   3.2379905e+02
   3.0512842e+02   2.6645143e+01
   1.6598170e+02   2.4568587e+02
   1.3977498e+02   1.6737017e+02
   3.2229979e+02   1.1589893e+02
   2.0214224e+02   3.1183553e+02
   4.2495645e+02   4.3209156e+02
   4.5156354e+02   1.4450184e+02
   2.3099326e+02   2.5481005e+02
   2.0681005e+02   2.9487048e+02
   3.4629022e+02   2.7426871e+02
   2.0283469e+02   4.0469592e+02
   2.0389412e+02   3.5757143e+02
   3.6187443e+02   1.0010746e+02
   4.1731268e+02   1.4294689e+02
   8.0619131e+01   7.1456189e+01
   3.4431262e+02   2.9972965e+02
   1.6083474e+02   3.7454519e+02
   2.6655954e+01   2.7133663e+02
   2.8676021e+02   1.0618495e+02
   1.8599213e+02   1.2661972e+02
   3.7702991e+02   9.9921366e+01
   3.7247085e+02   4.6932578e+02
   2.3550485e+02   1.7475438e+02
   2.9686184e+02   3.3373046e+02
   3.9821629e+02   8.0480127e+01
   3.4926567e+02   9.7687012e+01
   2.7732943e+02   2.4441263e+02
   1.6939843e+02   3.6804207e+01
   9.6451924e+01   4.5654605e+02
   3.5206374e+02   4.4614930e+02
   1.3151366e+02   3.3874735e+02
   5.8132910e+01   3.7682076e+02
   1.2819782e+02   4.1740431e+02
   4.6868482e+01   1.4690920e+02
   4.0940817e+02   2.4439747e+02
   9.1315050e+01   3.0283020e+02
   7.0860529e+01   4.4163963e+02
   6.2533561e+01   4.5736979e+01
   4.4605296e+02   2.3823305e+02
   2.9516234e+01   3.4942291e+01
   2.6865877e+02   1.8354097e+02
   3.7596088e+02   3.4730753e+02
   1.7275273e+02   3.7263728e+02
   8.2455026e+01   2.8421575e+02
   1.8508761e+02   3.4796371e+02
   3.2562865e+02   8.0303066e+01
   3.1469429e+02   2.7028463e+02
   3.9509197e+01   3.9980854e+01
   7.7881349e+01   3.0577848e+02
   2.3761732e+02   4.4418113e+02
   6.9709974e+01   1.4911667e+02
   4.6098398e+02   2.1010916e+02
   3.6244538e+02   3.5916100e+02
   3.5912415e+01   1.4477596e+02
   1.2737454e+02   1.7084046e+02
   2.7619256e+02   2.3091712e+02
   3.5891438e+01   3.0143327e+02
   2.3315561e+02   2.8050823e+02
   7.8044985e+01   1.5871897e+02
   2.5552659e+02   1.8557585e+02
   1.1162113e+02   3.3557113e+02
   1.2203628e+02   1.3435780e+02
   3.5161383e+02   4.6193157e+02
   5.6804309e+01   4.1411116e+02
   1.5664382e+02   2.0810338e+02
   3.8596122e+02   3.3958291e+02
   2.0893620e+02   1.9090568e+02
   1.7269778e+02   4.6854309e+02
   4.4097618e+02   4.4802372e+02
   8.0708447e+01   2.3797211e+02
   3.2762975e+02   3.0998195e+02
   1.1757617e+02   2.9795790e+02
   4.9385915e+01   3.4635888e+02
   2.5546646e+02   1.1755977e+02
   1.4617671e+02   5.9028222e+01
   1.4883427e+02   1.2521511e+02
   3.2665998e+01   3.8215845e+02
   2.7258335e+02   3.1755582e+02
   3.5062939e+02   2.5804758e+02
   4.5885339e+02   3.9200676e+02
   4.3664350e+02   3.2561041e+02
   3.7979614e+02   1.8656916e+02
   3.0079644e+02   8.3308785e+01
   9.3585887e+01   2.0523881e+02
   7.8412471e+01   5.0837399e+01
   9.2566803e+01   2.6509016e+02
   1.4879194e+02   2.2665716e+02
   2.9838614e+02   4.6359280e+02
   2.5461441e+02   7.4352071e+01
   1.5508166e+02   1.0151144e+02
   3.2414839e+02   4.0577741e+02
   4.4014558e+02   2.1392857e+02
   3.8349428e+02   3.6935802e+02
   9.3403811e+01   8.1253739e+01
   3.7668184e+02   2.8715730e+02
   4.0313913e+02   8.9136548e+01
   4.4960180e+02   1.9350307e+02
   2.0307364e+02   4.0965660e+01
   1.2182236e+02   1.5144700e+02
   2.9529536e+02   2.6634764e+02
   1.8205562e+02   2.4737622e+02
   4.1575655e+02   4.6759046e+02
   2.2554993e+02   1.1494379e+02
   1.2212102e+02   3.3578399e+02
   2.6811764e+02   1.0379096e+02
   3.8343886e+02   4.5839312e+02
   3.9385610e+02   1.7665881e+02
   1.2563409e+02   1.2352054e+02
   4.2027851e+02   1.2638303e+02
   3.5496475e+02   2.5763062e+01
   2.4053023e+02   1.9937331e+02
   3.6854570e+02   3.0549501e+02
   4.2611437e+02   4.6633207e+02
   1.4679345e+02   4.6664672e+02
   1.6499049e+02   4.4851528e+02
   2.1094017e+02   4.5163190e+02
   7.4409310e+01   4.2172846e+02
   1.4682040e+02   1.5519098e+02
   3.1556733e+02   3.8413365e+01
   2.2104041e+02   3.5048502e+02
   2.0485295e+02   1.6929553e+02
   2.9798451e+02   4.9609972e+01
   4.0861930e+02   4.2867182e+02
   2.5919307e+02   1.0638041e+02
   1.7638578e+02   3.0564568e+02
   2.4072181e+02   3.9715127e+02
   1.1713952e+02   2.5032280e+01
   2.6416641e+02   1.6794081e+02
   3.6497175e+02   2.8755532e+02
   2.9480529e+02   2.3327390e+02
   2.7795291e+01   2.1084416e+02
   3.5228071e+02   4.1561041e+02
   3.4753809e+02   4.2755143e+02
   4.0906804e+02   3.8845264e+02
   1.5807998e+02   2.8166682e+02
   1.2078337e+02   1.9942067e+02
   4.0420192e+02   4.6479732e+02
   3.1240539e+02   2.3544515e+02
   1.6567064e+02   2.8972284e+02
   4.5003186e+02   2.5043628e+02
   1.4255580e+02   4.4063680e+02
   5.4168327e+01   1.1382291e+02
   4.4509876e+01   8.5662108e+01
   1.6004662e+02   3.0565662e+02
   3.6402645e+02   8.5519285e+01
   2.4813727e+02   1.3813231e+02
   4.3706597e+02   1.1054676e+02
   2.8483414e+02   4.7381683e+02
   3.0366828e+02   7.0059336e+01
   2.8067946e+02   4.9051750e+01
   1.7874883e+02   1.0676090e+02
   4.3770915e+02   3.3614534e+02
   3.2913946e+02   2.4438297e+02
   3.9215638e+02   2.0415286e+02
   3.7490038e+02   3.8166536e+02
   3.7056550e+02   2.2767325e+02
   3.9119162e+02   1.2686879e+02
   3.9361218e+02   4.1507706e+02
   3.4305570e+02   1.2156860e+02
   2.6849344e+02   4.2567812e+02
   4.5555666e+02   4.7374583e+02
   8.9388008e+01   1.4126833e+02
   7.0873649e+01   2.4617788e+02
   2.9206118e+02   7.1984784e+01
   4.6136937e+02   4.4010395e+02
   2.4064604e+02   1.6090643e+02
   4.4055343e+02   6.0987104e+01
   3.2936087e+02   2.3238760e+02
   4.2545114e+01   3.6700840e+02
   2.5658785e+02   3.3771638e+02
   1.2591557e+02   4.6430496e+02
   3.0931664e+02   2.2078406e+02
   1.7192289e+02   4.2401008e+02
   4.5536396e+02   9.4220914e+01
   2.5472666e+02   1.5579979e+02
   1.2855643e+02   1.0123855e+02
   4.2909478e+02   4.4255206e+02
   1.0056533e+02   4.1008553e+02
   4.1661003e+02   2.9411001e+01
   2.8828787e+02   2.5445476e+02
   2.8361572e+02   3.9531266e+02
   4.0788737e+02   3.1396377e+02
   1.0141794e+02   7.6883889e+01
   3.0057118e+02   9.6943623e+01
   8.1885123e+01   4.7490531e+02
   4.0753429e+02   3.7280809e+02
   3.4447741e+02   1.5508942e+02
   4.1508826e+02   1.1902702e+02
   2.9612531e+02   3.5664743e+02
   1.6966999e+02   2.2302735e+02
   1.0733192e+02   1.4532156e+02
   2.4807132e+02   1.0973657e+02
   1.1806809e+02   4.7390948e+02
   2.9915162e+02   4.2782291e+02
   2.0070053e+02   2.7273877e+02
   5.4599247e+01   5.4998728e+01
   3.2380306e+02   2.6662295e+02
   3.5932393e+02   2.1566340e+02
   4.6447619e+02   3.2123056e+02
   3.8933523e+01   4.1047499e+02
   3.5414422e+02   1.1537600e+02
   4.5153065e+02   1.6950403e+02
   4.1419995e+02   3.4879340e+02
   1.6796465e+02   1.1405793e+02
   2.6747206e+02   1.4420781e+02
   3.3786981e+02   4.6796079e+02
   1.6455758e+02   4.1023389e+02
   1.5291686e+02   3.6055102e+02
   3.3364991e+02   9.5645640e+01
   3.1677942e+02   4.2401431e+02
   4.3473908e+02   1.9630767e+02
   1.8652144e+02   2.2282157e+02
   4.5591935e+02   6.7865193e+01
   2.2718469e+02   1.4159154e+02
   4.4671530e+02   4.2127760e+02
   2.2729452e+02   2.1918691e+02
   6.5869962e+01   3.4217635e+02
   2.8979411e+01   2.9188164e+02
   7.9659846e+01   1.9062078e+02
   3.1599110e+02   2.4923457e+02
   2.6426922e+02   2.7574393e+02
   2.4764949e+02   2.6717179e+02
   4.0307391e+02   2.2586628e+02
   4.7462421e+02   6.8628043e+01
   2.2356757e+02   4.1954699e+02
   1.9662388e+02   4.3118594e+02
   3.3740563e+02   5.7357604e+01
   1.2243053e+02   3.2153701e+02
   1.2749873e+02   3.9085916e+02
   4.1238732e+02   2.8830205e+02
   3.4988277e+02   1.4470904e+02
   2.9676559e+02   4.1297674e+02
   4.7444566e+02   4.7532349e+01
   3.6453629e+02   2.7749155e+02
   4.7440503e+02   2.1146625e+02
   1.1287494e+02   1.2387590e+02
   2.7530008e+02   4.4446652e+02
   2.6099812e+02   1.9700451e+02
   4.1102183e+01   3.8563328e+02
   3.7001562e+02   5.2861374e+01
   3.0286700e+02   2.9571847e+02
   3.0113832e+02   2.7973023e+02
   3.5205496e+02   8.8201109e+01
   3.3827055e+01   3.1644744e+02
   4.3468290e+02   4.5965460e+02
   9.0180313e+01   3.2509461e+02
   4.4631119e+01   4.3890034e+02
   2.7115880e+02   3.5075909e+02
   2.1665187e+02   1.4206499e+02
   3.9921700e+02   1.3732727e+02
   2.2682780e+02   3.6193152e+02
   8.0745585e+01   3.3723227e+01
   2.4377479e+02   2.6226235e+01
   2.4334423e+02   1.8863425e+02
   2.7583055e+02   4.3283274e+02
   4.3419939e+02   2.7093759e+02
   2.3410468e+02   4.0407344e+02
   2.2301691e+02   6.7112896e+01
   1.3253245e+02   1.9397935e+02
   3.7306202e+02   6.3111369e+01
   3.7740757e+02   1.2168706e+02
   3.1686471e+02   3.5448351e+02
   5.7245796e+01   2.5715136e+02
   2.5848964e+02   4.1630919e+02
   1.6336840e+02   1.6007093e+02
   2.8512585e+02   1.7511669e+02
   9.2434858e+01   4.3530554e+02
   3.4156955e+02   3.6126200e+02
   2.4195079e+02   2.9043974e+02
   2.9810816e+02   2.1686223e+02
   3.1055854e+01   5.9993580e+01
   4.1635185e+02   9.5122741e+01
   1.7022770e+02   1.2785342e+02
   1.9018160e+02   2.6450741e+02
   2.2123065e+02   3.9777118e+02
   2.0417955e+02   2.0815106e+02
   3.9271255e+02   3.5493006e+02
   8.1823681e+01   1.2268059e+02
   3.0140312e+02   1.2832654e+02
   3.0250906e+02   1.6966047e+02
   3.4772689e+02   1.6753622e+02
   3.3145561e+02   3.4188576e+02
   3.1979734e+02   3.3799968e+02
   3.4149711e+02   3.0907612e+02
   2.6851334e+02   1.2680437e+02
   3.5778117e+02   3.4578253e+02
   3.9064090e+02   5.0840072e+01
   2.5753893e+01   3.6362558e+02
   2.7683483e+02   1.1121496e+02
   4.6827655e+02   4.5779632e+02
   3.0726561e+02   3.4268210e+02
   2.6206717e+02   6.7177316e+01
   2.6038190e+02   3.5766911e+02
   1.8411381e+02   3.6888300e+02
   4.2947928e+02   2.1974314e+02
   2.4179987e+02   3.0028346e+02
   3.8239784e+02   4.0123740e+02
   7.0380742e+01   2.2194312e+02
   4.0352235e+02   4.4544043e+02
   3.6550492e+02   3.8456208e+02
   1.5968401e+02   1.3610700e+02
   1.7618039e+02   1.4024862e+02
   3.2486384e+02   3.7156847e+02
   4.4208076e+02   3.7057712e+01
   4.4767943e+02   3.5158810e+02
   1.8073724e+02   2.8114829e+02
   1.7467907e+02   3.9580389e+02
   2.6129834e+02   4.3297461e+02
   1.8494846e+02   6.1172499e+01
   1.0932208e+02   2.5354038e+02
   5.6513863e+01   1.3213533e+02
   2.1708721e+02   1.1001464e+02
   3.0703665e+02   4.5900872e+02
   1.9576540e+02   2.0016971e+02
   4.5000713e+02   2.0574413e+02
   1.8952307e+02   2.7349205e+02
   3.5343018e+02   5.4206417e+01
   1.6480759e+02   3.6636801e+02
   2.1065083e+02   4.2709950e+02
   3.5484166e+02   3.1194862e+02
   9.6207765e+01   3.9731078e+02
   2.3899732e+02   2.6355027e+02
   3.6153721e+02   2.5893498e+02
   4.0597651e+02   4.1295667e+01
   7.7523673e+01   2.5304795e+02
   1.9093609e+02   1.0092375e+02
   2.9172757e+02   1.8810940e+02
   4.3272733e+02   3.0139637e+02
   2.9230122e+02   3.0433852e+02
   1.1613329e+02   3.4562466e+02
   3.0571591e+02   3.0561092e+02
   4.6941926e+02   4.7307949e+02
   4.5446059e+02   1.0342415e+02
   1.4783686e+02   4.7972097e+01
   1.0889216e+02   3.7490857e+02
   4.6087058e+01   2.7412895e+02
   4.5813176e+02   3.5734084e+02
   2.5357271e+02   1.7398853e+02
   1.6264155e+02   9.1316922e+01
   3.6283755e+02   1.2926254e+02
   1.5541895e+02   4.5839053e+02
   2.8020338e+02   3.4168322e+02
   3.5657722e+02   3.7710802e+02
   1.9730297e+02   3.1946547e+02
   1.0037509e+02   1.7518841e+02
   2.6619790e+02   3.7399873e+02
   4.3304604e+02   1.2575606e+02
   3.8160712e+02   3.7857575e+01
   2.9762166e+02   3.9812982e+02
   3.2785497e+02   3.6240667e+02
   3.7310542e+02   4.0359047e+02
   1.3852260e+02   2.1230751e+02
   3.8688435e+02   2.1919320e+02
   4.7165067e+02   3.2812259e+02
   1.3631420e+02   3.6085905e+02
   3.4265369e+02   2.4843097e+02
   2.8078581e+02   2.9384427e+01
   3.5055899e+02   4.7317622e+02
   5.1457313e+01   3.6964356e+02
   1.7242423e+02   6.1112727e+01
   3.4322267e+02   1.3854120e+02
   3.2978638e+02   3.9187870e+02
   2.0715159e+02   2.2105435e+02
   1.2040484e+02   3.7417277e+02
   4.2968924e+02   3.5272030e+02
   7.3438737e+01   4.0077142e+02
   3.5508551e+02   3.2664617e+02
   4.7021174e+02   3.5883064e+01
   2.7441424e+02   2.7788163e+02
   2.0450067e+02   3.2660387e+02
   1.7792497e+02   3.1873495e+02
   4.2056868e+01   1.1010260e+02
   2.7015851e+02   3.8585978e+01
   1.2288582e+02   2.5127540e+02
   2.6835876e+02   1.1489615e+02
   2.7566785e+01   4.6846699e+02
   2.0171913e+02   3.7803540e+02
   4.2126389e+02   5.0975914e+01
   3.6977285e+02   4.6014225e+02
   1.1253177e+02   4.5595901e+02
   6.8914219e+01   4.5225180e+02
   1.0276787e+02   1.0218937e+02
   4.0433042e+02   1.2729734e+02
   1.2985142e+02   7.3793277e+01
   3.2539236e+02   4.5287865e+02
   4.0941238e+02   1.6869535e+02
   3.4351791e+02   4.5784483e+02
   3.7929628e+02   1.5990849e+02
   1.5712857e+02   4.7431330e+02
   2.2195212e+02   3.1554912e+02
   1.7487177e+02   2.4074892e+02
   8.3495459e+01   1.7389445e+02
   4.3733232e+02   5.1327673e+01
   3.7666041e+02   3.6312130e+02
   1.0863666e+02   1.3269350e+02
   4.5499268e+02   4.5297831e+02
   2.0543381e+02   8.2646816e+01
   3.8804111e+02   2.4578076e+02
   1.5267978e+02   1.6415838e+02
   4.6185991e+01   4.2466402e+02
   2.2386655e+02   3.3983540e+02
   4.5963504e+02   2.7895876e+02
   1.4848624e+02   2.5959477e+02
   9.2817039e+01   1.5416203e+02
   4.7976758e+01   3.1619243e+02
   4.2359273e+02   3.4251728e+02
   1.3326378e+02   4.7149621e+02
   2.3562599e+02   3.7482477e+02
   3.6129175e+02   4.0477971e+02
   1.9787202e+02   2.5940310e+02
   2.2424496e+02   1.6740281e+02
   4.2891477e+02   3.6797781e+02
   4.3407067e+01   1.2769816e+02
   3.9453857e+02   3.7844385e+02
   3.7461342e+02   1.1175569e+02
   3.1728727e+02   4.6909083e+02
   2.5940082e+02   3.0441495e+02
   9.9650607e+01   1.1692745e+02
   4.4913544e+02   8.5697165e+01
   2.8698617e+02   4.4621703e+02
   1.5071666e+02   1.7739278e+02
   2.4867963e+02   4.5908712e+02
   7.3754264e+01   1.3849552e+02
   3.4875220e+02   2.1298876e+02
   3.3260601e+02   4.6157655e+01
   2.0950171e+02   3.3469354e+02
   3.1290605e+02   1.2493045e+02
   1.8506578e+02   1.4355205e+02
   3.3683740e+02   4.2972464e+02
   1.0891293e+02   3.9616070e+02
   8.1880539e+01   3.3780609e+02
   2.2682384e+02   2.8753032e+02
   4.2698548e+02   4.5358105e+02
   2.0535799e+02   4.4103706e+02
   3.7930615e+01   2.8710632e+02
   1.7271235e+02   4.4015723e+02
   4.7378418e+02   4.0747703e+02
   3.3259061e+02   2.7005135e+01
   1.2369186e+02   4.4600632e+02
   2.0145252e+02   5.3193863e+01
   3.7932330e+02   1.3985885e+02
   2.8823572e+02   2.4315513e+02
   5.1739161e+01   1.0366448e+02
   4.0045640e+02   6.5406380e+01
   2.7692665e+02   2.8789939e+02
   4.7034071e+02   1.2810867e+02
   2.0302584e+02   1.5779631e+02
   2.8846680e+02   1.5160034e+02
   1.9412181e+02   1.1835679e+02
   1.0130149e+02   2.4191428e+02
   2.7150479e+02   2.5297936e+01
   1.7077113e+02   9.8086298e+01
   2.7058694e+02   2.9903053e+02
   3.9198080e+02   4.3657290e+02
   3.8664327e+02   2.8524801e+02
   4.4411168e+02   1.2728598e+02
   4.0914140e+02   3.9838860e+02
   4.5117743e+02   3.9645213e+01
   2.4583865e+02   7.8416258e+01
   6.8211593e+01   6.4926048e+01
   3.3168497e+02   1.3051767e+02
   3.1033178e+02   9.1283835e+01
   4.1705338e+02   1.7949840e+02
   2.1259388e+02   3.8974569e+02
   2.7159456e+01   1.8021445e+02
   4.3885863e+01   4.5145110e+02
   2.8876051e+02   2.0465773e+02
   2.0328157e+02   2.3848788e+02
   5.3988357e+01   2.1961002e+02
   3.9540713e+02   1.5870459e+02
   2.3779542e+02   5.6044968e+01
   4.7117290e+02   2.9780844e+02
   9.8610171e+01   6.6294165e+01
   6.4821759e+01   1.7849449e+02
   1.9535681e+02   4.7059240e+02
   4.6953979e+02   3.5265936e+02
   3.9450137e+02   2.6174516e+02
   2.0602107e+02   1.1552350e+02
   2.9478566e+02   3.1436218e+02
   1.9455104e+02   2.9508696e+02
   7.1342008e+01   3.3171847e+02
   3.6486886e+02   3.9525883e+02
   2.3123226e+02   1.5833563e+02
   4.1028823e+02   6.9353991e+01
   5.2323038e+01   2.4275723e+02
   3.6057548e+02   1.9608291e+02
   1.4767977e+02   3.3493003e+02
   1.7492670e+02   1.7654647e+02
   1.3964388e+02   4.1941188e+02
   3.2821436e+02   2.5356274e+02
   3.8150330e+02   2.3765525e+02
   1.6366534e+02   3.9253788e+02
   3.9313362e+02   1.0004841e+02
   4.6084955e+02   1.9038873e+02
   3.3889354e+02   3.8752132e+02
   9.1974371e+01   9.6751343e+01
   3.6242529e+02   4.6521736e+01
   1.2440290e+02   2.1516617e+02
   1.9921249e+02   1.8942393e+02
   3.6405330e+02   1.3872395e+02
   2.9643969e+02   2.4815838e+02
   3.6301212e+02   4.3884042e+02
   3.2692796e+02   1.9388468e+02
   1.9518595e+02   1.0926659e+02
   3.9068941e+02   4.2765155e+02
   3.4139946e+02   1.7460707e+02
   4.6245873e+02   3.7775269e+02
   8.9331028e+01   1.0837700e+02
   3.9230923e+02   4.5134049e+02
   1.3314389e+02   2.8586526e+02
   1.0996672e+02   1.8307444e+02
   1.3874207e+02   1.2423961e+02
   2.9587444e+02   1.4562960e+02
   2.8384374e+02   3.0124494e+02
   3.8815595e+02   2.9442247e+02
   9.1285368e+01   1.3089022e+02
   1.2596284e+02   4.3364005e+02
   4.6765327e+02   7.4860009e+01
   6.3109060e+01   1.6221327e+02
   3.8907043e+02   3.1075405e+02
   1.0881267e+02   3.0802128e+02
   4.3347336e+02   1.3910988e+02
   1.3422176e+02   4.4581032e+02
   8.1245763e+01   2.6360142e+02
   3.5299643e+01   1.8945370e+02
   1.8336176e+02   4.5828079e+02
   1.1725821e+02   4.0651874e+02
   2.8580205e+02   4.3152084e+02
   4.4623480e+02   3.9910143e+02
   1.9443748e+02   3.7216873e+02
   1.9514760e+02   2.3431897e+02
   2.3858656e+02   3.5459159e+02
   2.1755602e+02   5.8168598e+01
   3.9114676e+02   2.7127278e+02
   3.3875894e+02   2.9022890e+02
   2.3932793e+02   1.3412834e+02
   1.8174165e+02   1.6705883e+02
   2.6854142e+02   2.2304995e+02
   2.5711440e+02   3.7980038e+02
   1.3046688e+02   3.6821871e+01
   4.3583742e+02   1.0059771e+02
   4.7362965e+02   4.4448587e+02
   3.3756901e+02   3.6935262e+02
   1.3440472e+02   2.6918433e+01
   3.1901243e+02   2.2137910e+02
   7.1443122e+01   4.1060865e+02
   3.8462101e+02   1.7691846e+02
   3.3221960e+01   1.1328453e+02
   4.7384441e+02   2.4107969e+02
   3.6972704e+02   4.1310872e+02
   3.2230771e+01   4.4836154e+02
   4.7275382e+02   8.3428876e+01
   3.4324340e+02   1.9966182e+02
   2.5560859e+02   2.8580155e+02
   5.3564337e+01   3.2520867e+02
   4.6953557e+02   2.8309816e+02
   1.1391800e+02   4.2662487e+02
   4.0823449e+02   5.9519191e+01
   1.3726397e+02   3.7808146e+02
   7.9054645e+01   1.0422518e+02
   1.0672399e+02   4.3903993e+02
   2.9593833e+02   3.8927261e+02
   3.9888673e+02   2.9147416e+02
   2.4647164e+02   1.6822136e+02
   2.0921699e+02   3.0404249e+02
   2.1073787e+02   2.7815462e+02
   7.5731223e+01   8.5164780e+01
   2.8811071e+02   8.6860813e+01
   4.9901083e+01   3.0366030e+02
   8.8617457e+01   2.2371328e+02
   4.1745520e+02   1.6174831e+02
   3.3158071e+02   3.2756399e+02
   1.0107194e+02   3.3028817e+02
   3.8062224e+02   1.5006583e+02
   2.1534468e+02   9.9291152e+01
   1.9352384e+02   3.8355754e+02
   1.0018388e+02   1.9138503e+02
   1.8786853e+02   4.2095930e+02
   4.9584164e+01   1.7307456e+02
   1.6141956e+02   3.3597911e+02
   2.8482326e+02   1.3042216e+02
   1.0458124e+02   3.4831791e+02
   1.4216379e+02   4.5125158e+02
   9.4833997e+01   4.4624168e+02
   2.0742519e+02   1.2905559e+02
   4.2448447e+02   4.1483499e+02
   3.0072890e+02   3.7101070e+02
   2.5445724e+02   4.4251717e+02
   1.7336818e+02   3.5030402e+02
   3.1557310e+02   3.0545338e+02
   2.4228131e+02   2.5123269e+02
   2.8925030e+02   6.0900600e+01
   1.8112326e+02   2.3111993e+02
   4.5253233e+02   1.5734195e+02
   3.2349135e+02   7.0412451e+01
   1.9416680e+02   1.4997690e+02
   1.8794090e+02   2.0981515e+02
   3.7582159e+02   4.5049173e+02
   5.6714654e+01   1.4407879e+02
   2.8244894e+02   3.1250192e+02
   9.3764858e+01   3.1530819e+02
   4.5914883e+02   3.0328554e+02
   2.3547298e+02   8.8051321e+01
   1.0311937e+02   3.5907484e+02
   4.8445993e+01   3.3266568e+02
   1.7707834e+02   3.8533509e+02
   2.3355721e+02   3.2267371e+02
   4.0301423e+02   4.0967533e+02
   5.6526633e+01   2.7576982e+02
   1.1646922e+02   5.3408796e+01
   4.6091392e+02   3.0323212e+01
   2.8168448e+01   4.0887842e+02
   2.2743204e+02   4.3330510e+02
   1.7903086e+02   2.1525972e+02
   5.5296703e+01   4.2304902e+02
   3.0063339e+02   1.0732287e+02
   1.1394990e+02   2.2287524e+02
   2.4985025e+02   3.0831638e+02
   2.3294252e+02   1.0055033e+02
   2.4136103e+02   2.1692978e+02
   3.5976734e+02   4.2484735e+02
   1.1609810e+02   2.3322707e+02
   2.2760400e+02   1.2990381e+02
   2.6904647e+02   2.0416611e+02
   2.1227191e+02   4.6990330e+02
   3.7830557e+02   3.0514428e+02
   1.8871792e+02   7.7123691e+01
   8.6926310e+01   2.1134970e+02
   1.8089739e+02   1.1901323e+02
   4.7118452e+02   1.0509951e+02
   2.4053787e+02   4.7484046e+02
   2.7972464e+02   4.5286955e+02
   2.2027114e+02   1.9726540e+02
   1.4638021e+02   2.8757076e+02
   2.6703533e+01   1.3659733e+02
   4.6989436e+02   3.8345762e+02
   3.9111003e+02   4.7161813e+02
   3.7590285e+02   7.6842228e+01
   8.4696294e+01   6.1365667e+01
   3.3363009e+01   2.4018982e+02
   5.1783535e+01   3.9624087e+02
   3.5111180e+02   3.6682756e+02
   2.6074177e+02   4.6412094e+02
   4.0949052e+02   1.0783516e+02
   3.4063242e+02   2.1791947e+02
   6.4289084e+01   4.3526174e+02
   3.3747327e+02   2.5604131e+02
   2.8014674e+02   4.6592629e+02
   3.7740528e+02   3.9109167e+02
   3.4362949e+02   2.3360402e+02
   2.6869742e+02   3.6126084e+02
   3.7018654e+01   3.3456679e+02
   4.7365081e+02   4.2005840e+02
   1.8251964e+02   2.9609919e+02
   2.8931595e+02   3.3877575e+02
   3.1391948e+02   2.9384911e+02
   3.8266144e+02   2.6352645e+02
   3.6159020e+02   1.7112268e+02
   3.2242047e+02   5.7340402e+01
   3.3978852e+02   1.8749438e+02
   1.0132113e+02   2.3154907e+02
   4.2011730e+02   2.2936356e+02
   2.5810906e+02   1.2691048e+02
   2.7750333e+02   4.1578071e+02
   2.9441780e+02   4.0552065e+01
   7.2736253e+01   2.3335654e+02
   2.0747535e+02   1.3888934e+02
   1.3368239e+02   5.0391519e+01
   2.2786964e+02   2.3489471e+02
   4.3259259e+02   8.7229186e+01
   4.8021647e+01   4.3986993e+01
   2.2843879e+02   2.4468023e+02
   1.4804511e+02   2.1605323e+02
   1.4863177e+02   1.1620038e+02
   1.3874078e+02   7.9650636e+01
   4.2366351e+02   3.8007275e+02
   1.1846868e+02   1.6056232e+02
   2.7087009e+02   2.5399005e+02
   2.6826705e+02   3.9749481e+02
   5.9874139e+01   4.7222317e+02
   4.6234342e+02   1.2220719e+02
   3.3014731e+02   1.4359194e+02
   3.3019238e+01   3.2550080e+02
   4.5684741e+01   1.8253349e+02
   1.9234265e+02   1.5971175e+02
   1.2288355e+02   2.8309776e+02
   1.1955200e+02   3.5436725e+02
   3.3585338e+02   2.0609373e+02
   6.1375350e+01   4.4608611e+02
   2.0555217e+02   2.5258056e+02
   4.7363321e+02   4.2953634e+02
   1.0523668e+02   1.5499332e+02
   1.0092217e+02   3.7688658e+01
   1.1015352e+02   7.0642009e+01
   2.4333848e+02   3.6710243e+02
   4.3278381e+02   1.6774761e+02
   7.3472927e+01   2.0324727e+02
   2.2056900e+02   1.5387063e+02
   2.3060585e+02   2.1053713e+02
   2.7634813e+02   1.9323950e+02
   3.9939780e+02   3.3223969e+02
   1.1751223e+02   2.6016077e+02
   1.3728781e+02   3.1477098e+02
   2.8253754e+02   2.1960705e+02
   2.0884766e+02   2.8148852e+01
   7.5725818e+01   3.4959426e+02
   2.9120001e+02   3.7497774e+02
   2.1264176e+02   3.1835762e+02
   2.2255525e+02   8.6102675e+01
   2.8980888e+02   4.5878613e+02
   1.6398733e+02   1.4972268e+02
   4.4848911e+02   2.8045467e+02
   2.1481565e+02   1.7572434e+02
   4.1543217e+02   3.3389281e+02
   3.2887709e+02   1.6994274e+02
   1.4731348e+02   3.5000265e+02
   3.8193112e+02   4.7102372e+02
   4.5505937e+02   2.1846442e+02
   1.2217895e+02   1.8383612e+02
   4.2970278e+02   3.9447235e+01
   4.2025619e+01   3.9618328e+02
   1.4812029e+02   1.4455967e+02
   3.2010143e+01   2.4987831e+02
   3.5582946e+02   2.8701398e+02
   3.0115174e+02   2.0211394e+02
   3.1003292e+02   4.0830562e+02
   2.1933588e+02   4.5741619e+02
   4.6552567e+02   5.7498193e+01
   2.1935405e+02   3.6900340e+02
   4.0030691e+02   3.4428365e+02
   4.5971805e+02   1.5053629e+02
   3.9500430e+02   1.9213224e+02
   4.3476070e+02   2.3105229e+02
   3.7336679e+02   4.2745550e+01
   1.4624617e+02   7.4422376e+01
   6.1502862e+01   3.6163160e+02
   4.3945540e+02   3.1106719e+02
   3.1776595e+02   1.4974196e+02
   3.6662131e+02   2.5070103e+02
   2.0676366e+02   1.4844302e+02
   4.4976680e+01   2.6118554e+01
   3.4799169e+02   3.3098549e+01
   3.9236863e+02   8.8569048e+01
   9.0946279e+01   1.7943002e+02
   2.4243746e+02   3.9887714e+01
   3.1136121e+02   3.3164764e+02
   3.4157778e+01   1.7337492e+02
   1.4451147e+02   1.3607552e+02
   8.6671906e+01   3.9932614e+02
   4.0017044e+02   1.1786846e+02
   3.7151688e+02   4.2825841e+02
   4.8922339e+01   1.9651902e+02
   7.4541193e+01   3.9084885e+02
   1.7331644e+02   1.5178530e+02
   3.6074446e+02   4.6925539e+02
   4.5171648e+02   4.1059152e+02
   4.4221180e+02   1.5552052e+02
   3.9838985e+02   2.4418064e+02
   3.8803656e+02   1.6748831e+02
   3.2048176e+02   3.2092666e+02
   7.1640456e+01   1.1265158e+02
   2.7600725e+02   4.0279344e+02
   6.4878444e+01   3.3949792e+01
   1.2918429e+02   3.7093034e+02
   4.0951196e+02   2.0365969e+02
   2.5092028e+02   4.8431485e+01
   4.2964593e+02   3.1737844e+02
   3.7511577e+02   2.4761527e+02
   5.2176099e+01   4.6101269e+02
   4.6173328e+02   4.5179486e+01
   2.5109928e+02   2.5750240e+02
   4.1448177e+02   4.4449281e+02
   2.7430188e+02   3.8293729e+02
   2.5145853e+02   6.3084661e+01
   2.9394249e+01   1.2169161e+02
   1.5781108e+02   4.3077878e+02
   2.8448802e+02   2.6934886e+02
   4.1575770e+02   2.7340644e+02
   1.6710314e+02   2.3290893e+02
   4.2438364e+02   2.9533284e+02
   2.3485039e+02   7.6774434e+01
   4.7451362e+02   3.1583969e+02
   3.4737438e+02   3.8070634e+02
   2.1277138e+02   2.3229856e+02
   7.1109296e+01   4.2435709e+01
   2.6196387e+02   4.8043177e+01
   2.1536983e+02   4.4031290e+02
   2.5014688e+02   3.5661132e+02
   4.5887709e+02   1.3493597e+02
   1.3544701e+02   1.3422374e+02
   1.3114590e+02   2.6301626e+02
   4.4594748e+02   2.7125092e+02
   5.8372097e+01   9.2088534e+01
   3.1722293e+02   1.8578743e+02
   3.4534662e+02   7.4460424e+01
   8.0335239e+01   3.7040079e+02
   3.0760647e+02   1.1668664e+02
   4.3779826e+02   2.5829509e+02
   1.6047399e+02   2.2547020e+02
   3.2905913e+02   4.2511250e+02
   1.8746768e+02   4.0176350e+02
   1.7968458e+02   4.0661064e+02
   4.2535821e+02   2.7335006e+02
   3.8194089e+02   2.0277812e+02
   3.7202979e+02   2.1711325e+02
   4.5846844e+02   2.6044724e+02
   2.1828166e+02   2.0910801e+02
   1.0106074e+02   2.5731678e+02
   2.0969420e+02   4.1311674e+02
   1.6484923e+02   3.1972175e+02
   3.9724733e+02   3.0573599e+02
   2.2838024e+02   4.4441901e+02
   1.1615295e+02   1.7112280e+02
   1.8323955e+02   2.0177704e+02
   2.6062938e+02   3.9209823e+02
   3.3638289e+01   7.2663800e+01
   4.0524927e+02   1.5931962e+02
   2.6503228e+01   9.2230242e+01
   4.7538206e+01   4.0656204e+02
   5.9267517e+01   2.9961738e+02
   3.7701195e+02   3.1828525e+02
   7.6151521e+01   2.1443692e+02
   2.0350722e+02   9.5985529e+01
   3.0945933e+02   3.6782608e+02
   5.9967080e+01   3.3520266e+02
   1.3112732e+02   6.4702406e+01
   1.6367796e+02   3.5626140e+02
   1.7432529e+02   4.8667658e+01
   2.6041728e+02   8.4399835e+01
   9.4325417e+01   4.4544996e+01
