   1.3010569e+02   7.2361997e+01
   1.0413221e+02   6.2854284e+01
   1.8153742e+02   2.5034283e+01
   1.3703438e+02   1.3610101e+02
   8.5986558e+01   1.0617191e+02
   1.0793548e+02   1.3606613e+02
   8.9453285e+01   5.5156126e+01
   1.2537361e+02   4.9799920e+01
   1.2597360e+02   1.3475657e+02
   1.8767640e+02   1.2389516e+02
   1.1131373e+02   1.2616598e+02
   1.2963643e+02   1.6247234e+02
   4.8691919e+01   4.4375010e+01
   1.8004425e+01   1.7048492e+02
   7.0255827e+01   2.2899912e+01
   4.9560766e+01   1.6981080e+02
   3.6442651e+01   1.7985026e+01
   1.8315853e+02   9.8978768e+01
   1.7321979e+02   7.7098109e+01
   1.0683287e+02   1.4280806e+02
   1.5207685e+02   7.3885169e+01
   1.0637962e+02   8.6790034e+01
   1.8249334e+02   9.7215848e+01
   4.1316047e+01   1.1236881e+02
   1.8456710e+02   1.4618458e+02
   6.0104035e+01   1.3771636e+01
   1.6507602e+02   1.6959224e+02
   5.5424619e+01   1.1723041e+02
   3.8850801e+01   7.3593133e+01
   2.3083783e+01   1.7062898e+02
   1.8864920e+02   1.8605849e+02
   1.4851196e+02   6.2421723e+01
   1.5101806e+02   8.0439263e+01
   1.7847743e+02   1.7328528e+02
   1.5034565e+02   3.1819120e+01
   1.0261951e+02   4.0955709e+01
   7.6782998e+01   6.3897248e+01
   1.0176569e+02   3.4169870e+01
   1.0870730e+01   1.8031978e+02
   5.0305539e+01   8.6866947e+01
   6.6029880e+01   1.0515544e+01
   1.0153139e+01   3.8250591e+01
   1.9988642e+01   1.1702772e+02
   5.1977142e+01   7.1465689e+01
   6.6169657e+01   9.3949932e+01
   2.9580007e+01   1.4956108e+02
   1.8414211e+02   1.3262115e+02
   3.7041554e+01   1.4029772e+02
   1.6533880e+02   1.6020572e+02
   7.8035317e+01   1.3254135e+02
   1.4081775e+02   7.9646217e+01
   2.9326757e+01   1.8975897e+02
   1.3902359e+02   1.1211971e+02
   1.7190183e+02   9.9577469e+01
   1.4964168e+02   5.1480244e+01
   5.5314248e+01   8.6163754e+01
   8.2322745e+01   1.3869495e+02
   4.9512972e+01   9.4649544e+01
   1.8346748e+02   6.6968308e+01
   1.1443238e+02   1.2877786e+02
   1.0845620e+02   1.2505661e+02
   2.6701814e+01   4.4660779e+01
   1.4465913e+02   1.0263639e+02
   9.6795316e+01   1.0383519e+01
   1.5623659e+02   6.9255319e+01
   1.2160350e+02   2.1012082e+01
   4.1953758e+01   1.7886368e+02
   6.8072646e+01   1.5327206e+02
   1.2272227e+02   3.2319074e+01
   3.0944471e+01   1.8823451e+02
   1.1361030e+02   4.5234623e+01
   1.7681514e+02   1.6774644e+02
   1.5058024e+02   1.6290316e+02
   1.1088863e+02   1.0666995e+02
   1.6131215e+02   1.7239660e+02
   6.4274166e+01   1.0986671e+02
   1.2608171e+02   1.7548481e+02
   8.9022890e+01   2.6194104e+01
   1.5380761e+02   1.0048121e+02
   4.6529791e+01   9.1158394e+01
   1.3715966e+02   1.5425390e+02
   5.5087347e+01   7.5075761e+01
   1.7839879e+02   1.7129013e+02
   1.0909294e+02   1.7219937e+02
   1.6558567e+02   1.0885979e+02
   1.2480578e+02   1.0830856e+02
   1.0020283e+02   1.1685765e+02
   1.0215905e+02   1.7447927e+02
   1.2167247e+02   7.9856210e+01
   9.3561592e+01   1.1695167e+02
   9.0374439e+01   9.3082793e+01
   1.5458757e+02   5.6707971e+01
   7.6683345e+01   1.0056444e+02
   1.5997050e+02   6.0688014e+01
   1.6138263e+02   7.1605032e+01
   9.4530674e+01   1.1011579e+02
   1.5136268e+02   3.9607995e+01
   3.5581273e+01   8.9934214e+01
   2.2260944e+01   5.9202451e+01
   1.6631433e+02   1.0699463e+02
   7.4074539e+01   6.4762990e+01
   1.1788423e+02   8.0873173e+01
   2.7407299e+01   8.0973409e+01
   9.0667489e+01   1.4212469e+02
   1.5437627e+02   4.6766232e+01
   1.3754781e+02   1.7584326e+02
   1.4185784e+02   3.7418672e+01
   1.1809176e+02   1.7949029e+02
   1.6303373e+02   1.2840321e+02
   4.4049421e+01   4.2129945e+01
   1.0671673e+02   4.9505880e+01
   7.7846213e+01   2.8416321e+01
   1.3433123e+02   9.0405459e+01
   2.8201772e+01   5.7746173e+01
   1.4058873e+02   1.0928647e+02
   1.0990952e+02   1.5179255e+02
   1.7013511e+01   1.3404660e+02
   5.3688904e+01   5.1927413e+01
   1.0722651e+02   1.4607014e+02
   8.4741660e+01   1.5361191e+02
   3.9381174e+01   1.4420944e+01
   7.7722810e+01   1.7241709e+02
   5.0632842e+01   1.1300493e+02
   3.3393263e+01   9.8629022e+01
   9.4090248e+01   1.1868614e+02
   3.0277426e+01   1.6896983e+02
   5.4229280e+01   1.0839966e+01
   8.9996842e+01   1.1670167e+02
   4.8172323e+01   2.5476890e+01
   4.6984591e+01   1.6894880e+02
   9.3269147e+01   3.7357630e+01
   1.5369790e+02   1.5539502e+02
   1.3175456e+02   8.2919695e+01
   1.8813700e+02   1.9509837e+01
   4.3378360e+01   1.4177549e+02
   6.5561152e+01   1.3399005e+02
   1.1529775e+02   1.8455221e+02
   1.5367108e+02   6.3149673e+01
   1.7800251e+02   1.6148940e+02
   6.8019140e+01   1.2396618e+02
   2.3581359e+01   1.6678191e+01
   8.2311746e+01   1.1083755e+02
   1.8084741e+02   1.7606530e+02
   1.4019674e+02   1.8700607e+02
   1.4324515e+02   1.8153267e+02
   3.0961752e+01   1.5242965e+02
   1.1872751e+02   1.0084196e+01
   8.0476875e+01   1.8211494e+02
   1.3073684e+01   3.6793930e+01
   5.1916117e+01   9.2262354e+01
   1.1217230e+02   1.0423464e+02
   2.3907662e+01   4.1678927e+01
   1.2977208e+02   1.2666176e+02
   8.7951269e+01   6.0338746e+01
   1.4531682e+02   5.5279687e+01
   1.2895800e+02   1.2123962e+02
   1.6950183e+02   1.7108187e+02
   4.4524878e+01   7.8655938e+01
   3.6473993e+01   5.1515670e+01
   1.7275577e+02   4.3230720e+01
   1.9812833e+01   2.7138905e+01
   1.4803094e+02   1.6052384e+02
   1.1126347e+02   1.8813129e+02
   1.8168161e+02   1.1913321e+02
   1.1908286e+01   1.5962765e+02
   8.2500859e+01   1.1661256e+02
   1.4188645e+02   9.9304418e+01
   7.5263745e+01   6.6227151e+01
   1.5064450e+02   9.4512073e+01
   1.3587119e+01   1.8438747e+02
   3.1760969e+01   1.3083326e+02
   9.4438773e+01   1.5030747e+02
   1.3108945e+02   1.1533822e+02
   3.4033087e+01   1.6573135e+02
   1.0595058e+02   6.3937342e+01
   1.1188263e+01   6.2132674e+01
   1.7271992e+02   1.4056409e+02
   1.7706195e+02   1.2235187e+01
   2.9943843e+01   1.5703871e+02
   1.1276660e+02   1.6434117e+02
   1.5617786e+02   7.7180181e+01
   5.8437251e+01   4.8552252e+01
   5.4612831e+01   3.1693866e+01
   9.3930572e+01   8.9609296e+01
   6.4886529e+01   1.8575250e+02
   1.7975819e+02   9.3975053e+01
   7.3459651e+01   1.2744649e+01
   9.0922693e+01   6.7739166e+01
   8.7135035e+01   8.5590361e+01
   1.6982276e+02   1.8155319e+01
   9.4501755e+01   1.9803275e+01
   2.4034876e+01   1.0876869e+02
   8.5903075e+01   1.6993669e+02
   1.1497435e+02   5.6166026e+01
   3.7920365e+01   1.0249495e+01
   1.8902048e+02   8.9019567e+01
   1.6135492e+02   1.2458830e+02
   1.1723189e+02   1.3226811e+02
   1.9514856e+01   1.8763275e+02
   8.5818265e+01   1.4692490e+02
   4.4766039e+01   3.0407775e+01
   7.4894148e+01   1.8152638e+02
   2.8283387e+01   4.2135897e+01
   4.3135844e+01   6.9570725e+01
   1.7642167e+02   4.0744490e+01
   8.3505526e+01   1.0347467e+02
   4.2593887e+01   1.0758426e+02
   5.3284518e+01   1.4670355e+02
   1.4730686e+02   1.2017402e+02
   1.7634496e+02   5.4176681e+01
   5.1966172e+01   9.5026907e+01
   1.0412579e+02   6.0357126e+01
   4.7820441e+01   1.1611877e+02
   1.1973678e+02   1.0450675e+02
   6.9453633e+01   2.7098803e+01
   1.3291644e+02   1.8843578e+02
   1.0599488e+02   3.3787263e+01
   1.2320846e+02   6.9268938e+01
   8.8658664e+01   9.2466210e+01
   1.0079154e+02   1.3460880e+02
   1.7455636e+02   1.7250720e+02
   1.2320209e+02   1.5474391e+02
   9.1590850e+01   6.4970811e+01
   5.6209021e+01   2.6436731e+01
   1.8367179e+02   2.3648307e+01
   8.7775324e+01   1.7865121e+02
   9.2594751e+01   1.5207682e+01
   1.4800802e+01   1.9460272e+01
   7.4373531e+01   5.0205702e+01
   6.6758096e+01   1.5044055e+02
   1.2793959e+02   9.7086577e+01
   8.7171977e+01   5.2718833e+01
   3.9631549e+01   1.2530322e+02
   1.6975789e+02   1.0923562e+02
   7.5081998e+01   7.0710118e+01
   1.3045209e+02   1.3865789e+02
   1.2485965e+02   5.6787597e+01
   6.9251264e+01   1.4166545e+02
   1.7636420e+02   1.1994479e+02
   2.5516413e+01   6.4394626e+01
   4.7494687e+01   6.1885468e+01
   7.9585969e+01   1.0427873e+02
   4.9700078e+01   9.9275968e+01
   7.1424344e+01   4.3545986e+01
   1.3324173e+01   4.7221651e+01
   8.3585056e+01   1.4093970e+02
   1.0989550e+02   1.4159054e+02
   1.0275532e+02   1.2298553e+01
   2.2102466e+01   5.1018897e+01
   1.0881076e+02   1.0574585e+02
   1.1289198e+01   1.7563257e+02
   1.0409472e+02   2.0187768e+01
   5.0198186e+01   5.7929013e+01
   8.9758185e+01   8.4706858e+01
   1.0206898e+02   1.4523722e+02
   7.1391529e+01   5.1683712e+01
   4.0301908e+01   8.2923551e+01
   1.1588925e+02   1.7288673e+02
   2.4233542e+01   1.0065639e+02
   1.8006312e+02   3.2853397e+01
   6.2633962e+01   1.0209983e+01
   2.1555174e+01   1.2265078e+02
   2.1023729e+01   9.6708737e+01
   3.9714111e+01   9.1449061e+01
   9.2297513e+01   1.5834181e+02
   1.5607390e+02   8.5310494e+01
   1.2994072e+02   1.8747272e+02
   4.0264470e+01   1.7103797e+01
   1.4858579e+02   4.7043721e+01
   1.2353174e+02   4.4879555e+01
   8.3007616e+01   2.4280611e+01
   2.3378604e+01   5.3750112e+01
   1.1906691e+02   1.0048013e+02
   1.4033188e+02   8.6026588e+01
   1.0586233e+02   1.0623813e+02
   1.5941644e+02   2.7631727e+01
   7.6590294e+01   9.7934682e+01
   7.0042623e+01   1.5204899e+02
   4.7912407e+01   8.0841035e+01
   1.4869539e+01   2.2172037e+01
   1.1766301e+01   6.8912753e+01
   2.1104409e+01   1.3705172e+02
   5.9574816e+01   1.1930386e+02
   5.6382710e+01   1.7536352e+02
   9.6942182e+01   1.3660534e+02
   3.4431929e+01   1.1989612e+02
   5.5492245e+01   1.8035165e+02
   1.1707705e+02   1.0406436e+02
   1.1597385e+02   4.6290709e+01
   1.3209397e+02   1.2006292e+02
   4.6732778e+01   1.5308936e+02
   3.2069856e+01   1.8552622e+02
   1.8696922e+02   1.7403255e+02
   8.3554624e+01   1.3097360e+01
   4.0096956e+01   9.9338279e+01
   1.1386223e+02   7.1440117e+01
   1.8492851e+02   2.1558944e+01
   1.2790718e+02   1.1707920e+01
   1.3639929e+02   1.7906833e+02
   1.8009972e+02   7.1258979e+01
   8.9945988e+01   1.0592296e+02
   1.7775566e+02   1.8508007e+02
   4.5322849e+01   1.2087344e+02
   5.5670829e+01   9.9584726e+01
   1.5288787e+02   1.7297371e+02
   7.5499939e+01   1.6121766e+02
   1.0053737e+02   9.3240009e+01
   6.1044242e+01   4.3217805e+01
   7.2303121e+01   1.4299192e+01
   6.3016620e+01   2.8595653e+01
   1.4364464e+02   1.5398668e+02
   3.7868498e+01   1.0055971e+02
   1.3269499e+02   4.8418407e+01
   1.1139174e+02   5.0311282e+01
   9.0055391e+01   1.0245078e+02
   1.4852403e+02   2.3365644e+01
   1.3538327e+02   1.4106315e+02
   7.2518978e+01   1.8434557e+02
   1.8310011e+02   2.6880343e+01
   5.0719579e+01   1.5891222e+01
   1.4479474e+02   1.4515291e+02
   8.6277991e+01   8.1988977e+01
   1.3306490e+01   7.8706669e+01
   1.6094721e+02   1.8497807e+02
   1.1435850e+02   7.9858322e+01
   1.5394446e+02   1.2461568e+02
   1.5158833e+02   6.8905417e+01
   1.6074926e+02   8.8699300e+01
   1.1362504e+02   1.4102499e+02
   1.2378487e+02   4.1027767e+01
   5.2621888e+01   5.5831770e+01
   1.5720892e+02   5.7270645e+01
   1.3832705e+02   8.4206046e+01
   1.8440365e+02   1.0419848e+02
   1.0109560e+02   4.6496623e+01
   2.2397928e+01   8.2842640e+01
   5.6767300e+01   1.4645480e+02
   7.3716654e+01   6.2229512e+01
   3.9383691e+01   7.5547619e+01
   3.9246666e+01   9.4506339e+01
   1.2164097e+01   1.0162551e+02
   1.3519310e+02   1.5399701e+01
   1.2999188e+02   8.5790188e+01
   1.8182584e+02   1.4686435e+01
   2.1758136e+01   8.9386150e+01
   2.4072152e+01   8.1465598e+01
   2.5943037e+01   1.5648140e+02
   1.3800684e+02   4.9886727e+01
   1.4195083e+02   1.2435118e+02
   1.5806021e+02   1.1145842e+02
   1.6586488e+02   7.8294409e+01
   1.1164502e+02   8.1111844e+01
   1.6832736e+02   1.1425714e+02
   1.1599589e+02   1.1857960e+02
   1.3676140e+02   1.3877690e+02
   1.5420383e+02   3.5688684e+01
   1.8412373e+02   1.7998328e+02
   1.0351577e+02   1.3527538e+02
   7.5739931e+01   1.8971887e+02
   4.2706697e+01   1.5450805e+02
   1.2981034e+02   1.5390345e+02
   1.4631249e+02   8.5078845e+01
   1.0168397e+01   1.1478463e+02
   7.4333654e+01   4.3621057e+01
   8.6821481e+01   1.1377340e+02
   2.5188821e+01   4.8208178e+01
   1.2046026e+02   1.1230111e+02
   1.6183946e+02   1.6660669e+02
   2.4306384e+01   1.5474634e+02
   9.2379375e+01   1.8357537e+02
   1.0987164e+02   8.2189883e+01
   5.7509712e+01   6.3048517e+01
   4.3142324e+01   1.4401746e+02
   1.4262415e+02   4.8252788e+01
   4.6069115e+01   4.4551045e+01
   1.7631510e+02   1.4846106e+02
   1.0136611e+02   5.4783869e+01
   5.5526545e+01   1.1980169e+02
   1.8053138e+02   1.8623346e+02
   1.7182891e+02   1.5803663e+02
   1.8883260e+02   5.6938630e+01
   1.1268564e+02   1.6194124e+02
   5.0330343e+01   9.7581204e+01
   1.7848629e+01   1.3113175e+02
   1.6013084e+02   6.2815627e+01
   8.5504033e+01   1.8641780e+02
   1.8296020e+02   8.8589001e+01
   2.9245041e+01   1.7787424e+02
   3.0182576e+01   6.5393243e+01
   6.5878526e+01   7.8884997e+01
   1.7786456e+02   2.6147997e+01
   1.6732607e+02   1.7972520e+02
   1.7050742e+02   1.1719761e+02
   1.8335661e+02   4.7364938e+01
   1.7667149e+02   1.0295310e+02
   1.8170175e+02   1.6682641e+02
   1.1450274e+02   6.5987299e+01
   1.0339924e+02   1.0194826e+02
   1.6711358e+02   1.0447453e+02
   6.7099901e+01   1.7224786e+01
   1.6888679e+02   1.3847769e+01
   1.6432677e+02   1.7953101e+02
   6.6310515e+01   4.1840686e+01
   2.0314096e+01   1.0685442e+01
   2.6382612e+01   7.4076071e+01
   2.2277554e+01   6.7033614e+01
   5.2923254e+01   1.3918077e+02
   9.7618411e+01   5.3528468e+01
   6.4813666e+01   5.4653308e+01
   3.6999094e+01   1.6144990e+02
   1.3793684e+02   1.4754754e+02
   1.7715474e+02   8.6235051e+01
   5.3875860e+01   6.4819556e+01
   5.9414576e+01   1.5456659e+02
   1.7352894e+02   1.6862082e+02
   8.6063569e+01   7.2510037e+01
   3.5387085e+01   1.0125245e+02
   1.4488494e+02   3.0338745e+01
   4.7260709e+01   1.2780388e+02
   1.3251389e+02   7.1937275e+01
   3.0642884e+01   1.2908689e+02
   1.6273438e+01   5.5934147e+01
   1.6444348e+02   1.1157348e+02
   9.9195970e+01   1.4906436e+02
   1.0390603e+02   5.6332320e+01
   1.2726890e+02   9.4284178e+01
   1.6459309e+02   5.2468741e+01
   4.8865487e+01   1.2633470e+02
   6.3710170e+01   6.1280372e+01
   1.6689705e+02   1.1991570e+02
   1.6021150e+02   1.4312096e+02
   1.0083238e+02   1.8096898e+02
   1.0799648e+02   7.9092459e+01
   1.0954094e+02   1.5624478e+02
   2.2669727e+01   1.4194359e+02
   1.3755761e+02   1.0548062e+02
   1.1498346e+02   1.0178298e+02
   1.8776146e+02   6.3173881e+01
   1.0488024e+02   3.6701462e+01
   1.0324121e+01   1.8846589e+02
   1.4465975e+02   1.1824840e+02
   1.4371413e+02   9.8358049e+01
   3.7968789e+01   1.5550773e+02
   4.0387153e+01   8.6045850e+01
   9.6710580e+01   4.6391129e+01
   1.4745977e+02   1.1688634e+02
   1.4250652e+02   2.0546019e+01
   5.5141237e+01   1.4547110e+01
   1.7864459e+02   1.9520608e+01
   2.3587438e+01   1.2534213e+02
   8.7029812e+01   1.2383083e+02
   8.6755738e+01   8.8041414e+01
   2.9019847e+01   7.5179578e+01
   1.0307810e+02   4.3482261e+01
   1.2887678e+02   3.1180445e+01
   6.0986378e+01   1.6132061e+02
   1.7108757e+02   9.4532296e+01
   1.3252456e+02   1.4592457e+02
   1.5280857e+02   1.4560180e+02
   1.8231741e+02   1.2851651e+02
   1.1306765e+02   8.9872434e+01
   3.7734384e+01   4.5876111e+01
   1.6561143e+02   7.0092395e+01
   7.8812676e+01   1.4337087e+02
   1.7531762e+02   1.3424088e+02
   4.9060549e+01   3.2222621e+01
   1.6183438e+02   2.0239629e+01
   1.7364978e+02   1.2576835e+02
   1.1394542e+02   2.5979962e+01
   1.4191732e+02   1.6151242e+02
   8.0666332e+01   9.7750153e+01
   1.5693469e+02   1.6171369e+02
   4.4534647e+01   1.2492593e+02
   1.4307371e+02   9.0144170e+01
   3.6910756e+01   7.2574582e+01
   1.5634541e+02   4.3864098e+01
   1.7674814e+02   9.3706029e+01
   8.0125106e+01   1.1349149e+02
   1.0963468e+01   1.5041980e+02
   1.6184224e+02   8.5021970e+01
   8.0664107e+01   1.5436316e+02
   2.2386247e+01   1.2677385e+02
   7.3124930e+01   2.4671088e+01
   8.0555713e+01   4.9802073e+01
   9.2935846e+01   1.1192179e+02
   9.1347578e+01   7.4682272e+01
   1.4922735e+01   9.7121738e+01
   2.2759503e+01   1.2779947e+01
   7.3222807e+01   1.6356400e+02
   1.8240047e+02   1.5195630e+02
   7.5458827e+01   1.6782867e+01
   1.0464905e+02   1.3898742e+02
   1.6620631e+02   6.7422402e+01
   1.1322424e+02   2.4053646e+01
   1.6553471e+02   7.6488158e+01
   1.8592351e+02   1.3809555e+02
   9.8860349e+01   5.7038055e+01
   1.3262031e+02   9.6162421e+01
   1.2661306e+02   1.4060264e+02
   9.0857269e+01   1.2194511e+02
   1.3786397e+02   9.1424369e+01
   1.6874683e+02   1.5084827e+02
   1.2601940e+02   6.0643425e+01
   1.8964910e+01   9.9451493e+01
   7.6061874e+01   7.5560676e+01
   1.5319538e+02   1.0484650e+02
   1.5185802e+02   5.0261775e+01
   1.5568061e+02   5.4572891e+01
   1.3285826e+02   1.7686343e+02
   1.4190526e+02   8.2046396e+01
   1.0799988e+02   1.0332708e+02
   1.8534784e+01   3.1511760e+01
   5.8295510e+01   7.2927230e+01
   1.1721150e+02   2.2295911e+01
   8.4003706e+01   1.8531430e+02
   1.1820324e+02   4.9533669e+01
   2.8229252e+01   1.3798629e+02
   3.6337524e+01   3.8017508e+01
   5.9696722e+01   4.0110432e+01
   3.6221865e+01   6.5104366e+01
   1.8570370e+02   9.7374008e+01
   1.2902236e+01   1.6707165e+02
   1.3476139e+02   1.2504380e+02
   5.1304820e+01   1.8092251e+02
   6.5614189e+01   1.6293154e+02
   7.8378144e+01   4.3371804e+01
   7.3276177e+01   4.1334586e+01
   1.4877151e+01   1.1326924e+02
   1.7213301e+02   1.7353289e+02
   8.2336608e+01   5.7466269e+01
   1.8335054e+02   1.4447879e+02
   6.8655095e+01   2.0929245e+01
   1.8215265e+02   6.8341827e+01
   1.8959352e+02   5.0440278e+01
   2.0459786e+01   7.1939687e+01
   1.6082899e+02   6.8818261e+01
   7.9057038e+01   1.2493942e+02
   1.6910307e+02   1.6375258e+02
   3.3283422e+01   1.0794011e+02
   1.6195190e+02   1.4760335e+02
   4.1662062e+01   1.3474430e+02
   6.7617207e+01   7.0147743e+01
   1.4143108e+02   1.2609936e+02
   1.3907997e+02   1.8849055e+02
   1.3901324e+02   1.2636181e+02
   3.7869493e+01   1.7942957e+02
   8.9767587e+01   4.1473086e+01
   3.8412038e+01   1.6790570e+02
   9.2438924e+01   7.7022026e+01
   1.4667691e+02   3.3159309e+01
   8.0660710e+01   4.4956252e+01
   5.2024786e+01   3.1824567e+01
   1.0130551e+02   1.6195057e+02
   1.4589294e+02   1.5742464e+02
   1.3525563e+02   1.5837517e+02
   1.8690624e+01   1.7851539e+02
   3.2511645e+01   3.9331852e+01
   1.0920135e+02   9.6828334e+01
   6.8257788e+01   4.7694423e+01
   1.5831955e+01   1.0008540e+02
   3.3027266e+01   1.8084778e+02
   4.3752629e+01   1.1898027e+01
   6.6369674e+01   5.1913922e+01
   5.2914535e+01   6.8398984e+01
   8.2667146e+01   7.3174227e+01
   8.3531252e+01   1.3675801e+02
   5.2430888e+01   1.8311291e+02
   1.6807680e+02   2.5176262e+01
   1.4620545e+01   1.4134453e+01
   1.3845464e+02   1.2000579e+02
   9.3770549e+01   9.4804218e+01
   1.5061388e+02   1.8786889e+02
   1.4383293e+01   1.7219296e+02
   1.1605560e+01   1.1832545e+02
   1.1988448e+02   5.5498237e+01
   1.1204934e+02   3.0232045e+01
   1.0738308e+02   1.3262404e+02
   7.3846186e+01   4.5792035e+01
   2.0772307e+01   1.8011663e+02
   8.4297906e+01   5.7708528e+01
   8.2698298e+01   1.2950104e+02
   6.1286814e+01   1.8354963e+02
   2.7436660e+01   3.1094917e+01
   6.0736208e+01   1.8887879e+01
   7.1144517e+01   8.2756794e+01
   4.6005428e+01   6.7917721e+01
   5.5231549e+01   5.0037299e+01
   8.1519578e+01   9.9906750e+01
   1.6449300e+02   1.6425188e+02
   1.0188424e+02   9.6781463e+01
   7.0385013e+01   1.2293185e+01
   1.4885397e+01   1.2771121e+02
   5.9999886e+01   1.0569701e+02
   8.8605793e+01   1.4894770e+02
   7.7805645e+01   1.6776396e+02
   1.2905137e+02   1.1496501e+02
   1.1453217e+02   1.0922781e+02
   1.0645204e+02   1.7988783e+01
   9.4974460e+01   1.3206582e+02
   4.1947314e+01   6.0946380e+01
   1.0530456e+01   5.8425119e+01
   2.9412077e+01   1.0982843e+02
   2.9666716e+01   8.5286150e+01
   1.0913663e+02   6.8071769e+01
   4.0898461e+01   5.5021879e+01
   2.1021447e+01   6.1607948e+01
   2.2796303e+01   1.0635025e+02
   2.9831311e+01   2.8673968e+01
   1.4357092e+02   7.3610919e+01
   1.2310086e+02   9.2635294e+01
   1.4750299e+02   1.3357417e+02
   1.8746293e+02   9.6028565e+01
   5.4407737e+01   1.2998970e+02
   1.8824890e+02   1.3584342e+02
   1.5562471e+02   1.7038374e+02
   1.6779031e+02   1.7749842e+02
   1.7186074e+02   1.6674579e+02
   5.1799821e+01   1.1564224e+02
   4.8488145e+01   7.3662491e+01
   1.3801609e+02   1.2863574e+02
   1.4518121e+02   6.7350972e+01
   6.6737459e+01   1.0037815e+02
   1.0750500e+02   4.2027149e+01
   7.9824573e+01   1.8031147e+02
   1.0967540e+02   8.6194712e+01
   1.6339556e+02   2.2560034e+01
   7.9767926e+01   9.3623994e+01
   1.8097466e+02   4.0579197e+01
   1.5319879e+02   8.5672804e+01
   1.8113275e+02   1.8411824e+02
   6.8182335e+01   1.8163066e+02
   1.2991125e+02   9.7045688e+01
   9.4145356e+01   1.6824679e+02
   1.4255668e+02   1.7682854e+02
   5.3051370e+01   1.3270544e+02
   9.8185350e+01   1.5747507e+02
   1.6650632e+02   8.8271981e+01
   2.9410504e+01   1.4059441e+02
   3.7549712e+01   9.2892925e+01
   1.3557265e+02   2.8077851e+01
   1.8493532e+02   1.8460989e+02
   3.6234155e+01   1.0744322e+02
   1.7276891e+01   6.9158860e+01
   6.8232424e+01   1.4481829e+02
   1.8665021e+02   9.2205354e+01
   4.0787934e+01   4.3563721e+01
   1.0887590e+02   1.7747385e+02
   1.0921503e+02   1.0620849e+01
   2.6381195e+01   1.1536482e+02
   7.5572632e+01   1.4322903e+02
   3.3479121e+01   3.3125142e+01
   9.0724714e+01   5.1822633e+01
   7.7805218e+01   5.3484152e+01
   2.5973109e+01   2.9847384e+01
   1.4846101e+02   1.7372756e+02
   1.3398430e+02   4.0463969e+01
   7.3388214e+01   1.5371220e+02
   3.8372238e+01   3.6506346e+01
   1.2932763e+02   9.9775251e+01
   1.0266332e+02   1.4761561e+02
   1.8355475e+02   5.4924763e+01
   6.2863126e+01   1.0324290e+02
   1.5325303e+01   1.7688905e+02
   1.7176215e+01   1.2547986e+02
   1.0392529e+02   1.0660374e+02
   8.9204033e+01   2.0041960e+01
   8.0357194e+01   1.5928292e+02
   1.3758222e+02   2.2673077e+01
   1.3726620e+02   1.5641588e+02
   1.4608918e+02   3.4974249e+01
   1.5684908e+02   8.7938773e+01
   1.5799280e+02   1.4238527e+01
   7.8909180e+01   3.6786573e+01
   3.7078001e+01   9.4692485e+01
   5.4049455e+01   7.2201962e+01
   1.0979592e+02   1.6049141e+01
   6.9416574e+01   1.6292244e+02
   1.6937642e+02   6.3480401e+01
   6.7968961e+01   1.2648703e+02
   1.0918825e+02   6.4731311e+01
   1.2929463e+02   6.3721564e+01
   1.5990546e+02   5.6719804e+01
   3.6753295e+01   5.3784171e+01
   5.1506454e+01   1.5975372e+02
   1.3529722e+02   1.4293477e+02
   9.6843008e+01   8.7741609e+01
   1.5334799e+02   1.5766187e+02
   1.1737238e+02   4.2232341e+01
   1.1901136e+02   7.7022516e+01
   4.4352257e+01   7.1863202e+01
   2.3558220e+01   6.9848242e+01
   3.0926961e+01   1.2174558e+02
   6.5642500e+01   1.6572487e+02
   5.7777319e+01   1.7370758e+02
   2.6654217e+01   1.1951845e+02
   4.0597916e+01   1.6813411e+02
   3.6154554e+01   7.7661545e+01
   1.4924696e+02   1.3274356e+02
   1.7925495e+02   1.3721390e+02
   4.2167716e+01   1.7388392e+02
   1.8487068e+02   8.7363718e+01
   1.5038745e+02   1.8079544e+02
   6.1429881e+01   6.2361075e+01
   1.1785307e+02   1.6695726e+02
   1.6042416e+02   1.6504188e+02
   1.0105404e+02   6.4451630e+01
   1.9734728e+01   6.0048503e+01
   1.2121959e+02   8.8888992e+01
   1.8650658e+02   1.8041221e+02
   1.0836512e+02   2.5669472e+01
   1.6114962e+02   1.2167621e+02
   1.1558209e+02   8.9243516e+01
   2.9581928e+01   2.3178748e+01
   9.1652286e+01   4.3879705e+01
   8.3707176e+01   1.4597611e+02
   1.2338993e+02   1.7396385e+01
   1.5467983e+02   1.0845734e+02
   1.8944953e+02   4.0115279e+01
   3.1847784e+01   1.0356724e+02
   7.3470452e+01   8.5904706e+01
   1.7437257e+02   1.1093871e+02
   6.7196193e+01   1.7324789e+02
   1.8688005e+02   1.7162607e+02
   1.5469104e+01   4.7853547e+01
   1.5932724e+02   7.1417886e+01
   2.3437212e+01   1.9262252e+01
   8.3397203e+01   3.8049099e+01
   5.2591607e+01   1.5549378e+02
   1.2233016e+02   1.5206985e+01
   1.5551440e+02   1.2674754e+02
   1.0399659e+02   1.7817863e+02
   1.6777003e+02   1.0880561e+02
   1.0284077e+02   7.3066580e+01
   1.4020724e+02   1.3261656e+02
   5.7363378e+01   1.2434615e+02
   5.0932661e+01   1.2013478e+02
   4.8614090e+01   2.1653434e+01
   7.0791300e+01   6.3524367e+01
   1.8605390e+02   1.9393545e+01
   1.8411239e+02   7.6768473e+01
   1.6846934e+02   1.1655513e+02
   1.3486437e+02   1.6874428e+02
   1.3156681e+01   1.3657430e+02
   6.6603676e+01   5.9956232e+01
   4.6284293e+01   1.7517848e+02
   1.0082253e+02   3.8834014e+01
   1.3575494e+02   1.2293231e+02
   1.7003060e+02   1.8436983e+02
   7.5403261e+01   1.7903808e+02
   1.7351477e+02   1.8932392e+01
   8.0933425e+01   2.9248401e+01
   1.6459193e+02   8.7222051e+01
   1.4803951e+02   1.2563895e+02
   6.0824694e+01   1.1163317e+02
   9.8704544e+01   1.7860129e+02
   8.4295448e+01   4.9612014e+01
   5.6737089e+01   1.3058750e+02
   8.3891751e+01   7.9205986e+01
   6.2191614e+01   8.3280216e+01
   1.0803460e+02   3.2106066e+01
   2.6905467e+01   9.5987748e+01
   1.6207774e+02   9.6038208e+01
   1.8827396e+02   1.1156668e+02
   1.2320201e+02   2.8022164e+01
   1.0753687e+02   8.2826414e+01
   1.3852900e+02   1.8100005e+02
   1.0228996e+01   4.6330819e+01
   6.3889414e+01   1.1557945e+02
   1.2929506e+02   5.5929857e+01
   7.9970583e+01   1.6270678e+02
   1.1530841e+02   1.3590182e+02
   1.3634905e+02   4.4929408e+01
   3.0128312e+01   9.2276811e+01
   1.7528772e+01   1.6654544e+02
   1.6736906e+02   1.5698129e+02
   8.0255066e+01   1.2693320e+02
   1.0384005e+02   1.8021753e+02
   1.6173056e+02   5.5254200e+01
   1.4234997e+02   1.8867815e+02
   2.3601170e+01   1.6159716e+02
   1.1237007e+02   1.1009588e+02
   6.1792028e+01   1.5174236e+02
   1.7447848e+02   1.4269048e+02
   8.0053027e+01   1.6672637e+02
   6.3858998e+01   7.5741218e+01
   1.5311326e+02   3.2738111e+01
   1.8652850e+02   2.8338185e+01
   4.0343963e+01   6.6801536e+01
   1.6255369e+02   4.8321682e+01
   1.3048668e+02   1.4188160e+02
   9.5000808e+01   1.7469426e+01
   1.5647201e+02   1.4564620e+02
   2.0786020e+01   2.5310350e+01
   2.0035385e+01   1.3996263e+02
   1.2822930e+02   1.4931264e+02
   1.4419269e+02   1.1001490e+02
   1.6424884e+02   1.4568858e+02
   1.7387569e+02   3.0633297e+01
   1.2204535e+02   1.7409973e+02
   2.9793543e+01   1.0263016e+02
   1.3329493e+02   1.3631361e+02
   9.5160810e+01   7.0804746e+01
   1.4667776e+02   1.0084749e+02
   1.3148090e+02   1.9665884e+01
   5.0441243e+01   1.0139107e+02
   5.9953938e+01   5.8584098e+01
   1.2449624e+02   1.9181109e+01
   6.6031131e+01   1.1216289e+02
   8.2255899e+01   5.3877159e+01
   2.0205667e+01   1.3471948e+02
   3.6883128e+01   1.7259149e+02
   5.3440815e+01   1.3487935e+02
   1.0465862e+02   1.6375591e+02
   1.1993555e+02   1.2022361e+02
   1.4571304e+02   1.7202549e+02
   7.0115292e+01   5.8796623e+01
   1.4173867e+02   3.9787421e+01
   7.4304393e+01   1.1623428e+02
   1.6413250e+02   1.4719170e+01
   1.3180399e+02   1.2947963e+02
   4.1782803e+01   5.2851201e+01
   1.3909223e+02   4.4421838e+01
   6.7353926e+01   1.0637582e+02
   1.6575440e+02   1.7433321e+02
   1.8786990e+01   1.5948561e+02
   5.1462118e+01   1.6401546e+02
   1.7899517e+02   4.0550306e+01
   1.0710926e+02   1.1101678e+02
   1.8553961e+02   9.0272326e+01
   1.2170747e+02   1.0372502e+01
   1.2555526e+02   9.9146183e+01
   1.3729319e+02   3.0118368e+01
   1.2896038e+02   8.9992743e+01
   7.9029504e+01   1.0391672e+01
   9.1052958e+01   1.2794972e+02
   6.2242298e+01   1.3689139e+02
   6.1313638e+01   1.7700614e+02
   1.2442587e+02   7.6250736e+01
   1.0052847e+02   9.1203691e+01
   1.5379586e+02   7.0818493e+01
   5.7911581e+01   1.0760584e+02
   1.0743827e+02   1.2110451e+02
   1.0042997e+02   1.2333549e+01
   4.6052490e+01   1.4371061e+02
   7.5681426e+01   1.7350175e+02
   1.1669464e+02   1.2045615e+02
   1.8318996e+02   1.0280704e+02
   6.3073298e+01   1.1916453e+02
   7.4949833e+01   1.1833174e+02
   1.7326337e+02   1.5164422e+02
   4.6021904e+01   4.7838044e+01
   9.9535783e+01   7.4670154e+01
   9.3738074e+01   1.5388414e+02
   9.9642895e+01   1.2686135e+02
   1.4244639e+02   1.5033398e+02
   1.7460082e+02   2.5476040e+01
   9.3833408e+01   1.4390062e+02
   1.3004440e+02   1.6587119e+02
   6.0251675e+01   1.0355611e+02
   5.1195053e+01   1.4028151e+01
   5.5903256e+01   7.1634929e+01
   2.2566990e+01   4.6712344e+01
   1.4035616e+02   1.5431075e+02
   1.1613333e+02   1.7468640e+02
   4.0267398e+01   1.7244993e+02
   5.9982817e+01   3.5531665e+01
   3.5260177e+01   2.2816151e+01
   7.1202795e+01   5.6166225e+01
   1.8127462e+02   2.8049960e+01
   1.3113526e+02   9.2641498e+01
   1.5578309e+02   1.5323198e+02
   1.3210775e+02   1.7497825e+02
   1.5401175e+02   1.7622106e+02
   1.3560254e+02   5.0512995e+01
   1.6478246e+02   1.5217507e+02
   1.0667437e+02   1.4905590e+02
   1.6755159e+02   2.0038669e+01
   2.1496348e+01   1.3186449e+02
   7.8244803e+01   7.8119354e+01
   7.7882855e+01   1.4812397e+02
   7.5259805e+01   8.3345364e+01
   9.5780598e+01   1.5967120e+02
   1.3352724e+02   1.0733085e+02
   1.5369663e+01   1.0829959e+02
   2.2988072e+01   9.7489628e+01
   1.6106394e+02   1.3310404e+02
   1.7164924e+02   1.0049580e+01
   6.0947975e+01   1.3212680e+02
   9.2894411e+01   7.8850510e+01
   1.1651099e+02   1.8913584e+02
   9.5150881e+01   1.2653996e+02
   1.4880162e+02   5.7911569e+01
   1.7535489e+02   1.7831360e+02
   1.2951860e+02   7.4190351e+01
   6.9164376e+01   1.6895257e+02
   3.2140596e+01   4.2620029e+01
   1.1032922e+02   7.4543748e+01
   2.3903298e+01   1.4878144e+01
   7.1815107e+01   1.7222056e+02
   1.3955122e+02   2.3348537e+01
   1.2841865e+02   1.8352845e+02
   5.0225625e+01   6.3488509e+01
   1.8040642e+02   1.2114441e+02
   1.2745218e+01   1.4217837e+02
   2.5110379e+01   1.6844682e+02
   9.8015594e+01   1.6744973e+02
   1.1263334e+02   1.3747327e+01
   8.6293320e+01   1.5242988e+01
   1.5843377e+02   6.7539635e+01
   1.5925916e+02   1.1474749e+02
   5.0792793e+01   5.0479332e+01
   3.1752966e+01   6.3581781e+01
   1.7069682e+02   8.0702886e+01
   1.5022849e+02   1.7152259e+02
   1.2628879e+01   1.6234754e+02
   2.7569050e+01   7.1943661e+01
   6.3614797e+01   4.4390882e+01
   4.7590738e+01   3.4917711e+01
   2.8953061e+01   8.2942863e+01
   8.7425445e+01   1.8238572e+02
   5.4662798e+01   2.2807833e+01
   1.4684575e+02   4.8222956e+01
   9.7288428e+01   1.8871544e+02
   1.8171267e+02   1.1252687e+02
   3.6763794e+01   7.0497507e+01
   1.4335743e+02   1.2271463e+02
   9.1458597e+01   1.6901455e+02
   2.3631975e+01   2.8421540e+01
   1.0069372e+02   8.3048431e+01
   1.8618218e+01   1.3753414e+02
   1.3746235e+02   3.8292160e+01
   7.8957888e+01   1.4020868e+02
   1.4856102e+01   6.3375805e+01
   2.5685521e+01   1.2985424e+02
   1.0898862e+02   1.8448085e+02
   6.4453938e+01   9.9431040e+01
   1.3520456e+02   1.2956190e+01
   1.5657351e+02   1.0368853e+02
   1.7214684e+02   1.7715770e+02
   4.4372351e+01   1.5006946e+02
   1.4742892e+02   7.4568796e+01
   1.4559869e+02   2.1250526e+01
   1.2676592e+02   1.4825915e+02
   6.4119338e+01   1.4981728e+02
   1.6876724e+02   1.2586352e+02
   5.4981585e+01   1.2704222e+02
   9.3691728e+01   7.3739817e+01
   6.4024456e+01   1.4471988e+02
   1.4584301e+02   1.1480050e+02
   1.8323689e+02   8.2281814e+01
   9.3483844e+01   1.2564579e+02
   3.5457627e+01   1.4681080e+02
   1.3878927e+02   9.8301692e+01
   5.7525387e+01   1.7072060e+02
   1.4700305e+01   1.4523414e+02
   1.8756663e+02   1.0116818e+02
   4.5589398e+01   5.1552503e+01
   1.2030248e+02   8.3774295e+01
   1.5779059e+02   1.2884965e+02
   1.1566184e+02   1.2437332e+02
   2.3261688e+01   1.6769727e+02
   3.2605135e+01   2.5716499e+01
   1.8562749e+02   1.2965197e+02
   2.5604222e+01   1.1286857e+02
   1.8419409e+02   1.7565040e+02
   4.0048164e+01   1.0812960e+02
   4.9557574e+01   3.6517009e+01
   1.7705711e+02   1.1204619e+02
   1.7332587e+02   1.1552073e+02
   1.2858799e+02   1.8587433e+02
   1.0795743e+02   2.1525237e+01
   1.1735398e+02   1.0760220e+02
   1.7400296e+02   1.6291187e+02
   1.4931039e+02   1.5598709e+02
   1.0951466e+02   1.6286620e+02
   3.4366755e+01   1.1643454e+02
   2.1215264e+01   1.4285645e+01
   8.5350904e+01   1.1811645e+02
   1.6261099e+01   1.1923599e+02
   1.7939084e+02   1.5000783e+01
   1.1878393e+02   1.9490928e+01
   6.4199155e+01   1.3785075e+02
   6.7881286e+01   1.8867286e+02
   1.8217900e+02   1.2338515e+02
   3.5201749e+01   1.7621902e+02
   9.6727355e+01   6.3795240e+01
   1.4088625e+02   4.2173168e+01
   9.3934168e+01   8.4829441e+01
   2.6161654e+01   1.3239127e+02
   7.6818695e+01   4.1260271e+01
   9.5436279e+01   5.4555430e+01
   5.5392186e+01   4.3104849e+01
   1.3426403e+02   4.7427625e+01
   1.6316490e+02   7.3041658e+01
   4.3148555e+01   7.6203815e+01
   1.4655454e+02   1.4871510e+02
   5.5890489e+01   5.5492707e+01
   1.7207883e+02   3.6685656e+01
   1.8084839e+02   1.2722467e+02
   9.2264592e+01   5.0571098e+01
   1.2399189e+01   1.8874112e+02
   1.8786368e+02   1.4720111e+01
   1.5440934e+02   1.6481750e+02
   1.3056916e+02   1.5957290e+02
   8.9730310e+01   8.2211864e+01
   1.3281631e+02   1.3812346e+02
   1.4494479e+02   4.0740841e+01
   1.3698460e+02   4.2123412e+01
   1.7435953e+02   6.6406587e+01
   1.6023473e+02   1.0562005e+02
   5.3027864e+01   1.1021811e+02
   3.1818784e+01   8.7569786e+01
   1.0412082e+01   5.5513206e+01
   5.6675152e+01   2.9666155e+01
   1.7689195e+02   1.7727233e+02
   1.6820875e+02   1.5830784e+01
   3.3146143e+01   4.9100257e+01
   1.7498886e+02   1.5351634e+02
   5.7626830e+01   1.1268472e+02
   3.1149031e+01   1.6439217e+02
   1.4141999e+02   1.6915525e+02
   1.2327570e+01   1.1380461e+02
   1.5104282e+02   4.5717300e+01
   1.1048108e+02   1.7777087e+01
   6.9184198e+01   1.3221654e+02
   1.0261295e+02   7.6747529e+01
   1.6715868e+01   1.6784586e+01
   4.5810806e+01   1.6012651e+02
   1.3548777e+02   1.4964325e+02
   1.2137775e+02   1.2213840e+01
   1.3872578e+02   1.4301309e+02
   1.0996055e+02   6.3030418e+01
   8.2911304e+01   3.1469595e+01
   1.8822161e+02   1.4146447e+02
   1.2069233e+02   1.5228662e+02
   1.9319627e+01   3.9775494e+01
   1.6779089e+02   1.4806201e+02
   1.5973600e+02   8.1284213e+01
   7.9212904e+01   1.7669838e+02
   4.1200633e+01   1.5715840e+02
   1.3126358e+02   3.3049758e+01
   1.7953534e+02   1.6458432e+02
   4.3085904e+01   8.8118632e+01
   1.3880925e+02   1.5032295e+02
   6.6104049e+01   6.9090319e+01
   6.7730308e+01   1.2780205e+01
   8.9736340e+01   1.3225556e+01
   5.7586221e+01   4.5161122e+01
   2.8525412e+01   1.0772632e+02
   7.4586837e+01   1.3765159e+02
   1.4058083e+01   1.1521607e+02
   1.6431812e+02   1.0079352e+01
   8.3452500e+01   9.9100801e+01
   1.7886353e+02   1.1777614e+02
   1.1738375e+02   1.4589027e+02
   1.4719085e+02   1.0918962e+02
   1.6925216e+02   4.7565879e+01
   3.4062689e+01   1.0578286e+02
   3.8801258e+01   1.3823915e+02
   1.7009576e+02   2.2931572e+01
   1.0744139e+02   5.7697174e+01
   8.4255862e+01   8.7046935e+01
   1.7843304e+02   1.0212290e+02
   9.1359515e+01   8.3679672e+01
   8.7837445e+01   9.7400257e+01
   7.6113801e+01   1.8328564e+02
   6.9145752e+01   1.9006491e+01
   1.8198822e+02   1.3333182e+02
   1.0670184e+02   1.2768972e+01
   1.3133729e+02   9.4696367e+01
   2.3689990e+01   3.4239286e+01
   4.6241915e+01   7.0183866e+01
   1.6772169e+01   2.6380211e+01
   3.3305279e+01   1.1240578e+02
   1.5441005e+02   1.3420248e+02
   1.5724896e+02   1.7613510e+02
   1.6270044e+02   8.8701383e+01
   1.0238004e+02   1.5479457e+02
   2.0872865e+01   1.7784662e+02
   1.8894201e+02   1.4922644e+02
   6.2533943e+01   1.2405124e+02
   1.0183956e+02   1.7920860e+02
   6.2651058e+01   1.1189478e+02
   6.1954203e+01   1.3975117e+02
   4.8547021e+01   2.9337638e+01
   1.5582885e+02   1.4884378e+02
   7.4497634e+01   1.4102449e+02
   1.1378876e+02   1.1143391e+02
   1.6837920e+02   1.6890361e+02
   7.2853722e+01   7.0277182e+01
   1.0424703e+02   4.5909432e+01
   1.3777664e+02   1.1791493e+02
   1.4745424e+02   1.3956561e+02
   1.5287492e+02   6.7625847e+01
   6.3555643e+01   1.7061580e+02
   9.8744804e+01   1.2388177e+02
   1.7270201e+02   7.0938409e+01
   1.1712431e+02   1.8344226e+02
   5.6724968e+01   6.8129146e+01
   6.9611470e+01   3.5534021e+01
   3.4799742e+01   1.6313965e+02
   4.2251035e+01   1.1716101e+02
   1.2060114e+02   1.4895181e+02
   4.4594791e+01   4.6151400e+01
   8.9291752e+01   6.8728190e+01
   1.2955393e+02   1.4539822e+02
   4.5315999e+01   1.8861479e+02
   1.5142413e+02   6.4815843e+01
   3.9067113e+01   1.4315663e+02
   7.9484017e+01   8.1741943e+01
   8.0880542e+01   1.0891619e+02
   1.8567894e+02   7.0072329e+01
   6.3323476e+01   1.8981475e+02
   7.4791515e+01   1.4952081e+02
   8.9756430e+01   9.8373650e+01
   1.7316008e+02   3.9157183e+01
   1.6093333e+02   1.4147012e+02
   1.8256221e+02   2.9730014e+01
   1.6578340e+01   1.5074876e+02
   8.0053936e+01   1.1841396e+02
   1.3481620e+02   6.9749794e+01
   3.0818892e+01   7.3398390e+01
   9.0087454e+01   9.5947807e+01
   1.0465486e+02   3.1996762e+01
   1.6677672e+02   5.3924081e+01
   2.9781837e+01   4.6247635e+01
   7.2238528e+01   1.0028716e+02
   8.3973774e+01   9.0033068e+01
   1.8210488e+02   7.3367811e+01
   6.8532337e+01   1.6098378e+02
   8.3312656e+01   2.6849474e+01
   2.8034525e+01   9.3878083e+01
   1.9817481e+01   4.8514005e+01
   1.1688013e+02   8.5244487e+01
   6.0740850e+01   9.4363622e+01
   7.5559200e+01   3.0350415e+01
   1.5593137e+02   8.2444024e+01
   2.3441541e+01   1.1211158e+02
   1.1072408e+02   1.3119096e+02
   1.8175485e+02   4.5102356e+01
   6.5101819e+01   7.1917026e+01
   7.8393592e+01   5.9898881e+01
   8.9867081e+01   1.3710980e+02
   7.9037060e+01   8.8217626e+01
   7.2705579e+01   1.2087856e+02
   1.2549720e+02   6.3538989e+01
   1.8409354e+02   1.5561560e+02
   4.0059311e+01   3.9646027e+01
   1.9628588e+01   1.5315977e+02
   1.3424928e+02   4.5211910e+01
   1.1063538e+02   2.4501753e+01
   1.4209027e+02   1.0048939e+01
   4.8050335e+01   1.7194340e+02
   4.3479373e+01   4.9270958e+01
   1.3809853e+02   2.4837742e+01
   2.3700997e+01   1.8053928e+02
   1.8332943e+02   3.4505171e+01
   1.8966926e+02   1.0073191e+02
   1.7372421e+01   9.0151079e+01
   1.8477156e+02   1.3993085e+01
   6.9218597e+01   1.2139488e+02
   1.6324850e+02   1.3663108e+02
   7.1602036e+01   1.5544174e+02
   1.0150626e+02   9.9212336e+01
   1.0146859e+02   1.5737713e+01
   5.1402768e+01   2.0165603e+01
   1.7592823e+01   4.7673907e+01
   5.3054945e+01   1.7832196e+01
   2.1586889e+01   1.7406954e+02
   8.8835884e+01   7.5553113e+01
   1.5125535e+02   1.0008333e+01
   1.8633100e+02   1.6190651e+01
   7.9375939e+01   1.2857594e+02
   1.5381476e+02   1.1576618e+02
   4.3159392e+01   1.5789878e+01
   1.7170830e+01   7.6397007e+01
   1.4035262e+02   4.5996292e+01
   1.4826694e+02   7.2738171e+01
   7.3230008e+01   1.0503686e+02
   4.2775114e+01   1.6503193e+02
   6.4215614e+01   4.6158815e+01
   1.2191729e+02   1.2126034e+02
   6.1269445e+01   1.7925020e+02
   1.5012732e+02   1.0282232e+02
   1.1378343e+02   1.7490779e+02
   1.2998753e+02   2.2162918e+01
   7.0148770e+01   6.7119404e+01
   9.7109020e+01   3.7248889e+01
   1.5033779e+02   2.1071646e+01
   1.6137655e+02   2.3361034e+01
   1.2483782e+02   3.5601382e+01
   5.7509132e+01   1.9918647e+01
   1.2113155e+02   1.0618318e+02
   3.0118539e+01   5.9562534e+01
   1.7980745e+02   1.4556638e+02
   1.5816695e+02   1.6456898e+02
   1.2819080e+01   5.0491733e+01
   2.6552720e+01   3.3197312e+01
   8.7070876e+01   3.2187997e+01
   1.4724117e+02   1.2755766e+02
   2.9764392e+01   1.2034914e+02
   1.1702840e+01   1.5456226e+02
   1.1484318e+02   3.7217342e+01
   8.1304949e+01   1.7842426e+02
   1.1957788e+02   1.5618896e+02
   8.3190451e+01   4.2633402e+01
   1.3705380e+02   1.3457826e+01
   1.1060478e+02   3.1725168e+01
   1.5257280e+02   2.0332995e+01
   1.4034996e+01   3.9204856e+01
   2.5436224e+01   8.6280086e+01
   2.5967023e+01   5.3363588e+01
   1.0301711e+02   2.3575173e+01
   1.1926939e+02   6.8401290e+01
   6.2771902e+01   9.4830923e+01
   5.4089033e+01   1.4424363e+02
   4.7976043e+01   4.0048997e+01
   6.5996639e+01   1.2210456e+02
   2.9150581e+01   3.5706317e+01
   1.8257887e+02   8.0076631e+01
   6.8356736e+01   4.5123336e+01
   1.6697038e+02   1.4320371e+02
   1.0992630e+01   1.6781344e+02
   1.6294350e+02   1.1743748e+02
   1.0752352e+02   1.8781131e+02
   5.8896092e+01   2.7259528e+01
   9.0125722e+01   2.8530253e+01
   1.3381916e+02   1.1519527e+02
   1.0447285e+02   1.6189164e+02
   1.7503312e+02   3.8128589e+01
   1.0353349e+02   6.9462700e+01
   4.7975098e+01   1.3547159e+02
   1.4450740e+02   1.6780478e+02
   1.8640451e+02   1.5355419e+02
   4.8277800e+01   1.8350057e+02
   3.0831895e+01   1.4806598e+02
   1.6303725e+02   2.8106147e+01
   1.2525901e+02   1.5502807e+02
   1.1283676e+02   1.7277551e+02
   3.9051440e+01   1.1620547e+02
   1.6918882e+02   6.0501936e+01
   1.3717087e+02   5.9733074e+01
   6.4272090e+01   2.2830032e+01
   4.7355462e+01   1.2195066e+02
   2.7093926e+01   1.6270948e+02
   9.0893403e+01   1.7161331e+02
   1.8862186e+02   9.0952379e+01
   1.6133819e+02   1.3838523e+02
   8.7149381e+01   9.3866337e+01
   6.2125348e+01   1.1711872e+02
   5.8985950e+01   5.5436505e+01
   1.3154075e+02   1.4335818e+02
   1.8983373e+02   1.5802104e+02
   1.7350836e+02   1.5542156e+02
   2.3231223e+01   1.3137790e+02
   1.2968914e+02   5.3157976e+01
   4.0123034e+01   3.7811078e+01
   1.5708316e+02   2.2862737e+01
   8.6876954e+01   1.1049382e+02
   7.2392870e+01   1.2745280e+02
   4.2912742e+01   1.2201175e+02
   1.4818879e+02   8.4370200e+01
   2.2096553e+01   7.4514570e+01
   6.3899578e+01   3.3392424e+01
   9.1614771e+01   1.3657283e+02
   1.8712289e+02   1.3959152e+02
   7.9239278e+01   1.1180801e+02
   5.6647299e+01   1.7852623e+02
   1.2565083e+02   1.1847189e+02
   6.4976183e+01   5.6473555e+01
   7.8260096e+01   6.6093242e+01
   1.6131856e+02   1.8065702e+02
   1.5635523e+02   1.5889186e+02
   1.3373542e+02   6.1723784e+01
   1.5313184e+02   1.7797824e+02
   1.0559867e+01   2.8290160e+01
   2.8647659e+01   1.5988284e+02
   9.1740579e+01   1.6303686e+02
   1.2644212e+02   6.7567056e+01
   1.8787785e+02   1.5612669e+02
   1.6138682e+02   1.4004809e+01
   1.6526409e+02   1.8277267e+02
   1.0485270e+02   1.8690264e+02
   1.4129081e+02   1.1471645e+02
   3.7494250e+01   8.2280851e+01
   1.0863756e+02   1.2303906e+02
   7.0885856e+01   4.7755673e+01
   1.4849828e+02   1.7007405e+02
   1.4432277e+02   4.7301688e+01
   1.6693273e+02   1.2684361e+02
   6.7017134e+01   1.1856900e+02
   1.8896734e+02   3.6806581e+01
   1.4055884e+01   7.5211974e+01
   1.8057531e+02   7.9925003e+01
   1.3322431e+02   7.4321295e+01
   1.8764442e+01   1.2827780e+02
   5.2513087e+01   5.8840900e+01
   4.8182423e+01   1.1062681e+02
   1.5627418e+02   2.6627464e+01
   1.5676316e+02   1.4139089e+02
   8.8147075e+01   1.7367838e+02
   8.2857831e+01   1.7710130e+02
   3.1835265e+01   1.6311791e+01
   1.7195644e+02   1.4828782e+01
   4.2822585e+01   1.6756810e+02
   8.1916254e+01   1.8180509e+01
   1.4744482e+02   2.1292950e+01
   6.1875912e+01   8.9105153e+01
   1.2022426e+02   1.4495741e+02
   1.5385879e+02   1.1054258e+02
   1.4411860e+02   1.6073307e+02
   8.5673444e+01   5.6176852e+01
   1.5723768e+01   1.6247669e+02
   3.2052336e+01   1.2790506e+02
   1.1646707e+02   9.9795384e+01
   1.4140121e+02   6.6657053e+01
   5.9921003e+01   3.1184520e+01
   2.9399704e+01   2.5427360e+01
   1.5826015e+02   1.4446634e+02
   3.1405729e+01   7.9936284e+01
   9.9706336e+01   1.6156347e+01
   1.8740666e+02   1.6573115e+02
   1.5369384e+02   3.0504553e+01
   1.7698212e+02   2.4449328e+01
   1.3185480e+02   1.3134400e+02
   1.7784544e+01   2.0816357e+01
   3.2534366e+01   9.2572017e+01
   1.2830837e+02   3.3771825e+01
   1.6944698e+02   1.3877213e+02
   1.6079909e+02   3.5700794e+01
   4.8146043e+01   9.6345969e+01
   6.7658474e+01   3.5901850e+01
   1.2712849e+02   7.7300279e+01
   1.0106282e+02   1.2553672e+02
   3.3894794e+01   6.7303998e+01
   1.4968788e+02   5.9889795e+01
   9.0167955e+01   1.6707324e+02
   1.3125049e+02   1.5270112e+02
   1.1789946e+02   9.4971527e+01
   9.7863414e+01   1.1993672e+02
   2.4047080e+01   1.7442036e+02
   7.7491220e+01   1.3580333e+02
   1.3881286e+02   6.6372709e+01
   1.1070067e+02   1.3629021e+02
   1.5741388e+02   1.0200800e+02
   1.4538002e+02   1.2760657e+02
   2.4475311e+01   6.2415845e+01
   9.1915104e+01   3.0275549e+01
   1.5523875e+01   1.0352640e+02
   1.4054754e+02   1.8513104e+02
   8.8278037e+01   7.8612218e+01
   1.8259212e+02   1.1463216e+02
   9.7212641e+01   1.1520270e+02
   7.0454714e+01   8.1050469e+01
   1.6943020e+02   3.1136489e+01
   3.5304020e+01   1.5825779e+02
   4.6418083e+01   1.5001279e+02
   1.0319749e+01   8.1072908e+01
   6.4356825e+01   1.5345712e+02
   6.8343924e+01   1.5500602e+01
   7.5103191e+01   1.7062732e+02
   1.1746259e+02   1.8699784e+02
   7.0663966e+01   1.7576082e+02
   1.3392235e+02   2.6489782e+01
   8.5074455e+01   9.6538921e+01
   1.8758452e+02   1.5210071e+02
   1.7553931e+02   4.8353515e+01
   6.9691867e+01   6.0553411e+01
   9.8526413e+01   8.3193305e+01
   1.6227201e+02   1.6210572e+02
   1.8457799e+01   1.7399092e+02
   1.5737231e+02   1.8630534e+02
   1.3214691e+02   5.6852167e+01
   1.6915728e+02   1.3693630e+02
   9.8407732e+01   4.7055340e+01
   1.1526072e+02   4.8387891e+01
   1.2271015e+02   1.6184361e+02
   1.2286391e+02   9.6072739e+01
   6.7191068e+01   1.4125271e+02
   1.7483060e+02   1.4628487e+02
   1.1327468e+02   1.8452168e+02
   6.6602660e+01   7.7143344e+01
   1.8798647e+02   1.8153484e+02
   2.8688866e+01   1.4332019e+02
   7.4641678e+01   1.0231928e+02
   1.8788939e+02   1.2087696e+02
   1.8125050e+02   6.1157806e+01
   6.2420147e+01   1.4562025e+01
   4.6971299e+01   5.5631121e+01
   8.3074435e+01   1.8115904e+02
   7.9845029e+01   1.4593406e+01
   1.8757041e+02   2.1604271e+01
   9.5001202e+01   1.0560794e+02
   1.1569552e+02   1.5238042e+01
   5.5590526e+01   2.1007157e+01
   1.1264851e+02   1.5592692e+02
   1.5168488e+02   1.3905882e+02
   5.8179555e+01   1.0469293e+02
   1.2579961e+02   7.1188299e+01
   1.2894615e+02   1.8744408e+01
   1.7643165e+02   6.7393063e+01
   8.7379382e+01   1.0442619e+02
   1.3005486e+02   6.0272954e+01
   3.4257911e+01   4.7148286e+01
   4.9355155e+01   1.1482058e+02
   5.2848198e+01   1.7196319e+02
   5.6895110e+01   4.7300401e+01
   1.8642181e+01   1.8428991e+02
   6.1357173e+01   2.3804147e+01
   1.4612196e+02   5.1063862e+01
   5.2739142e+01   7.4521363e+01
   6.3876424e+01   3.7153263e+01
   6.8040974e+01   1.7852588e+02
   1.8404393e+01   9.2229990e+01
   1.5998049e+02   2.9722475e+01
   1.2738842e+02   1.2437657e+02
   1.6282445e+02   1.0177929e+02
   1.5499356e+02   1.7861908e+02
   1.0421912e+02   8.0142044e+01
   2.3380041e+01   8.8088899e+01
   1.7252775e+02   5.6044742e+01
   6.1140454e+01   1.7083453e+02
   1.0022933e+02   1.4116493e+02
   1.8686236e+01   8.7648220e+01
   2.2587072e+01   1.2915262e+02
   7.2806124e+01   1.1073099e+02
   1.3925549e+02   3.4193608e+01
   8.8669441e+01   8.8566592e+01
   1.8858618e+02   6.8611341e+01
   1.8163298e+01   6.3609672e+01
   9.6411949e+01   9.0022688e+01
   6.0605861e+01   1.6810496e+02
   1.2472156e+02   1.8032267e+02
   1.4012032e+02   6.1225640e+01
   4.3079294e+01   6.5968602e+01
   1.7536720e+02   7.6453417e+01
   1.7584830e+02   7.8796434e+01
   4.6682529e+01   1.2445750e+02
   1.5811911e+02   1.0437291e+01
   1.9292721e+01   1.5048175e+02
   1.6738885e+02   1.7553434e+02
   8.2116884e+01   1.8658512e+02
   1.7841445e+01   1.0848098e+02
   5.8385087e+01   1.0917222e+01
   6.8553141e+01   1.0088755e+02
   1.2110186e+02   1.3364908e+02
   1.2591729e+02   1.1527243e+02
   1.4385972e+02   6.4176768e+01
   1.1665741e+02   3.7210256e+01
   1.6490133e+02   5.5987655e+01
   1.3405303e+02   1.6459626e+02
   1.4716857e+02   2.9053898e+01
   1.8734072e+02   7.6898516e+01
   1.7026312e+02   1.0625970e+02
   1.4874558e+02   9.1693425e+01
   4.4057998e+01   9.4093563e+01
   4.4002757e+01   9.6626078e+01
   1.0388232e+02   1.7109116e+01
   4.1512349e+01   1.2821495e+02
   1.5455149e+02   2.4085509e+01
   1.0281673e+02   1.6980199e+02
   7.8550326e+01   1.6989496e+02
   7.8107467e+01   3.1181687e+01
   8.5519443e+01   1.3592449e+02
   3.3423368e+01   7.4388397e+01
   1.1209313e+02   6.5374139e+01
   1.7729931e+02   6.4640462e+01
   1.1311555e+02   9.7411331e+01
   7.7350872e+01   1.8835939e+02
   3.3934883e+01   8.0434878e+01
   3.0185856e+01   1.8448404e+02
   4.4372436e+01   1.8144412e+02
   1.7942439e+02   5.4292643e+01
   1.8059495e+02   1.5686044e+02
   1.0837467e+02   7.0878927e+01
   1.4788548e+02   1.4389681e+02
   1.7952145e+02   1.6853350e+02
   1.4904476e+02   1.8277457e+01
   9.9183873e+01   6.3099078e+01
   4.5775680e+01   1.3579157e+02
   6.9394616e+01   1.8469044e+02
   6.3140773e+01   1.7532379e+02
   1.2132157e+02   1.8234958e+02
   9.3082252e+01   1.0061959e+02
   1.2732017e+02   3.6533705e+01
   7.2407049e+01   9.2367053e+01
   8.7966449e+01   1.3013038e+02
   1.4608654e+02   1.0710079e+02
   1.6035754e+02   2.5155067e+01
   4.0387749e+01   2.2736220e+01
   9.0265383e+01   1.7817001e+02
   1.0513951e+02   1.1601142e+02
   1.5118778e+01   1.4853136e+02
   1.3664586e+02   1.7981960e+01
   2.6684341e+01   1.7149637e+02
   1.3430496e+02   9.7364300e+01
   1.1895502e+01   6.0201434e+01
   4.9194153e+01   7.5624473e+01
   1.0342164e+02   1.8553913e+02
   8.6576904e+01   3.8841582e+01
   1.3142701e+02   1.0972824e+02
   8.1899174e+01   1.5129719e+02
   1.0091038e+01   9.6231470e+01
   6.1670384e+01   1.0746456e+02
   5.9307413e+01   1.7016610e+02
   1.5340984e+02   2.5814634e+01
   9.5442187e+01   9.8675513e+01
   2.3377347e+01   1.4738381e+02
   6.7442232e+01   5.3674589e+01
   1.6940330e+02   1.7908505e+02
   1.7709560e+02   1.1658421e+02
   5.5053905e+01   1.0639854e+02
   1.0843984e+02   1.1883169e+02
   1.6873081e+02   5.6095985e+01
   1.0034082e+02   1.3826773e+02
   1.6984044e+02   5.1017304e+01
   1.1573572e+01   1.5672497e+02
   6.7799041e+01   6.6034942e+01
   5.1307806e+01   1.0306619e+02
   1.0471656e+02   8.9562276e+01
   1.8676516e+02   1.1284581e+02
   2.5281072e+01   1.4593856e+02
   9.7555974e+01   1.0539344e+02
   3.1450427e+01   2.2514340e+01
   7.8834371e+01   6.9584073e+01
   1.5689670e+01   6.1162817e+01
   4.4120051e+01   1.5199185e+02
   1.4235374e+02   1.5110205e+01
   8.8659118e+01   1.4171837e+02
   8.6609242e+01   3.0096950e+01
   4.0100505e+01   1.0213962e+02
   1.3185849e+02   1.8593035e+02
   5.3678518e+01   1.0223521e+02
   1.1546541e+02   1.4971661e+02
   1.7627994e+02   1.5757234e+02
   6.6164276e+01   1.2739871e+02
   4.3283441e+01   1.3166310e+02
   1.0446840e+02   7.4687298e+01
   1.1482473e+01   8.7297443e+01
   1.2716445e+02   1.2183682e+02
   1.1735219e+02   1.2707507e+02
   4.1296921e+01   1.6646112e+02
   1.5978808e+02   1.0365738e+02
   5.9967522e+01   1.2610171e+02
   1.0963107e+02   5.9716572e+01
   1.0031307e+02   6.1424774e+01
   7.5604122e+01   1.7641390e+02
   1.6986043e+02   5.4655995e+01
   1.0125534e+01   1.9039195e+01
   1.5156046e+02   1.1338290e+02
   1.0084937e+02   1.2344438e+02
   4.5103437e+01   5.8477310e+01
   5.5192283e+01   1.6427596e+01
   1.3983370e+02   3.8954429e+01
   5.7379794e+01   7.6230428e+01
   3.8355804e+01   1.5959353e+02
   1.0009376e+02   7.6955869e+01
   1.6906084e+02   1.2391313e+02
   1.2699757e+02   6.5254545e+01
   3.0998258e+01   4.4559108e+01
   1.3861113e+01   2.3763061e+01
   1.1794467e+02   1.2252205e+02
   7.0839295e+01   1.9942663e+01
   1.8908013e+02   1.2897821e+02
   1.3080270e+02   1.4803087e+01
   9.0283037e+01   1.8786326e+02
   9.4610593e+01   9.2863573e+01
   4.1819321e+01   9.8237659e+01
   1.7132037e+02   5.9348966e+01
   6.0721247e+01   7.9244583e+01
   1.8174961e+02   3.6991809e+01
   3.5127328e+01   2.6743429e+01
   1.4818725e+02   6.5679140e+01
   7.4937209e+01   1.4649477e+02
   3.8770669e+01   1.1088900e+02
   1.6959925e+02   7.6491221e+01
   8.2066092e+01   6.0504493e+01
   1.8634259e+02   1.4795737e+02
   6.8998308e+01   7.8862132e+01
   1.5907998e+02   1.5500414e+02
   3.5018121e+01   1.3525095e+02
   1.7403346e+02   6.8749898e+01
   8.5343919e+01   1.8363155e+02
   3.3174466e+01   5.6193002e+01
   1.1951367e+02   1.5409217e+02
   3.6321201e+01   1.1800586e+02
   1.1703438e+02   7.8217087e+01
   1.8529145e+02   5.8925221e+01
   1.8357850e+02   3.6845032e+01
   1.5837249e+02   3.7571360e+01
   1.4770136e+02   1.0560449e+01
   1.6738121e+02   9.5149133e+01
   9.9459938e+01   7.1074767e+01
   1.1330478e+02   1.1839519e+02
   6.9970908e+01   3.2806028e+01
   1.3489572e+01   1.5624369e+02
   9.7595963e+01   1.8300346e+02
   1.3900170e+02   1.0194984e+01
   1.1774461e+02   1.6048544e+02
   1.7361622e+01   7.9155833e+01
   9.6161142e+01   5.9017611e+01
   1.7948544e+02   7.4172874e+01
   7.6611609e+01   8.5453343e+01
   1.2324366e+02   1.4438682e+02
   5.9427506e+01   1.1364297e+02
   1.6166854e+02   8.2749800e+01
   2.6706364e+01   1.6604907e+02
   1.3174715e+02   8.6299096e+01
   1.4662510e+02   7.0844154e+01
   1.7126570e+02   1.6051865e+02
   1.8447987e+02   4.2206162e+01
   9.9417223e+01   1.3198075e+02
   1.3372824e+02   1.1265291e+02
   1.3925902e+02   1.7455721e+02
   1.3153138e+02   4.1948566e+01
   1.8049199e+02   8.4223044e+01
   1.8583992e+02   1.3568990e+02
   1.6963390e+01   8.6230855e+01
   3.8786844e+01   2.1398110e+01
   1.3821136e+02   1.2377899e+02
   7.7935905e+01   1.6319308e+02
   1.7664124e+02   5.8915307e+01
   9.3031845e+01   1.3879231e+02
   1.5419066e+02   1.3233738e+02
   1.0535324e+02   4.7721777e+01
   8.2804852e+01   1.0540716e+02
   7.6462854e+01   1.5282303e+02
   3.5806754e+01   1.5531586e+02
   9.9471551e+01   1.6067316e+02
   1.6608648e+02   1.8954341e+02
   5.6000215e+01   1.8310137e+02
   1.2042688e+02   1.1737909e+02
   7.6962951e+01   1.2207536e+02
   1.2195756e+02   1.1429734e+02
   6.8804810e+01   8.6748512e+01
   8.8664791e+01   1.1318755e+02
   2.9549998e+01   1.0885065e+01
   1.8092386e+02   3.4782738e+01
   1.3985782e+02   6.9609094e+01
   1.4960355e+02   7.8014092e+01
   1.1910212e+02   1.4197762e+02
   1.5372950e+02   7.9799865e+01
   1.0013126e+02   3.0496384e+01
   1.0539766e+02   1.6744455e+02
   1.7746778e+02   1.2501380e+02
   1.2920866e+02   1.4007434e+02
   1.1511379e+02   1.6191793e+02
   1.6109127e+02   3.8631584e+01
   1.3124410e+02   1.0376936e+02
   2.5240346e+01   1.8069084e+01
   1.4591675e+02   7.2543035e+01
   9.7489451e+01   2.6310272e+01
   6.3572621e+01   1.2139872e+01
   1.7270044e+02   8.3528040e+01
   2.7099084e+01   1.6948219e+02
   1.4174888e+02   8.7877715e+01
   9.3855482e+01   3.5598202e+01
   2.3755674e+01   9.5090395e+01
   9.6615153e+01   1.6984202e+02
   1.1484683e+02   1.2165274e+02
   2.2342986e+01   1.1038916e+02
   1.4656278e+01   1.2390207e+02
   7.2697110e+01   9.7654542e+01
   1.5981474e+02   4.8731509e+01
   5.0676498e+01   4.2997128e+01
   1.7375245e+02   1.8227573e+02
   1.5614691e+02   1.3276482e+02
   9.6090322e+01   2.3542848e+01
   1.7177191e+02   1.7837806e+01
   1.3828317e+02   1.3335590e+02
   7.2188128e+01   1.4701384e+02
   1.0820005e+02   1.7490478e+02
   6.4359197e+01   7.0019890e+01
   1.7764147e+02   1.8743634e+02
   1.2106576e+02   9.1699537e+01
   1.2349118e+01   1.2488651e+02
   1.4948397e+02   1.0920728e+02
   1.0774044e+02   1.0870943e+02
   1.6496119e+01   1.0579406e+02
   1.3667382e+02   3.3989597e+01
   1.8526548e+02   1.5859981e+02
   4.5795851e+01   1.5603345e+02
   1.6784446e+02   8.5892908e+01
   3.4843653e+01   5.8053459e+01
   4.3554460e+01   1.1289409e+02
   2.3951830e+01   1.8539030e+02
   1.1612797e+02   1.2949042e+02
   9.7327530e+01   1.3109630e+02
   1.8708896e+02   1.0839912e+02
   3.8282027e+01   1.0446269e+02
   9.2371941e+01   1.1452863e+02
   1.6499693e+02   3.2265492e+01
   3.1002642e+01   5.6861178e+01
   3.4988842e+01   4.0156978e+01
   1.3290929e+02   2.3012539e+01
   2.9583276e+01   1.2912852e+01
   1.1750132e+02   3.1239837e+01
   1.1479637e+02   1.0517128e+02
   1.1013180e+02   1.4710423e+02
   1.6827353e+01   1.8006515e+02
   1.5681555e+02   5.9511363e+01
   2.7824197e+01   1.5349115e+01
   5.0460992e+01   1.8491480e+02
   1.1462548e+01   1.6928217e+01
   1.2441847e+02   1.6342307e+02
   1.4109937e+02   1.6670857e+01
   1.8517798e+02   1.0709215e+02
   1.7218493e+02   2.6776110e+01
   1.4283283e+02   1.0464993e+02
   9.9045376e+01   1.8673057e+02
   1.7034420e+02   1.2121722e+02
   4.8692367e+01   1.5569689e+02
   6.4138561e+01   1.2995611e+02
   6.8572515e+01   4.1094179e+01
   1.5406646e+02   1.4786724e+02
   8.6591103e+01   9.0286274e+01
   4.7507965e+01   1.6406439e+02
   1.8003973e+02   6.9307295e+01
   1.0347171e+02   1.4070188e+02
   1.8545195e+02   4.6100113e+01
   1.1866396e+02   1.6413288e+02
   1.8709541e+02   1.8913820e+02
   1.5828459e+02   2.5645887e+01
   8.1840055e+01   3.5678494e+01
   1.4998522e+02   1.6221523e+01
   1.0207618e+02   1.2893775e+02
   1.4085853e+02   1.2057013e+02
   8.0759940e+01   6.4052227e+01
   1.5045511e+02   1.2733893e+02
   2.7787157e+01   5.0456194e+01
   1.5183061e+02   1.0772887e+02
   5.6779987e+01   8.3449427e+01
   2.3944119e+01   3.8750020e+01
   1.3965746e+02   5.4223933e+01
   5.3021380e+01   2.5016057e+01
   1.1154425e+02   1.6993100e+02
   1.3384036e+02   7.8380083e+01
   1.6535782e+01   5.9271386e+01
   6.1410498e+01   1.7261693e+02
   8.4377605e+01   1.2591346e+02
   1.5181295e+02   9.2631083e+01
   9.3010602e+01   6.2361039e+01
   6.5016640e+01   6.5532943e+01
   1.8733246e+02   1.2658529e+02
   1.6583178e+02   2.8462138e+01
   1.6824681e+02   1.8411550e+02
   9.3204314e+01   1.6088604e+02
   1.0228952e+02   1.1986470e+02
   3.4541867e+01   8.6598404e+01
   3.8872144e+01   1.2108752e+02
   1.3943647e+02   5.9294781e+01
   1.2510725e+02   1.6514189e+02
   1.1603871e+02   6.4818396e+01
   1.6754584e+02   3.4994168e+01
   1.7485749e+02   1.4037958e+02
   1.7070416e+01   1.0249619e+01
   5.7064368e+01   1.6248236e+02
   1.8600851e+02   1.6737519e+02
   5.8513993e+01   8.6328402e+01
   2.8282126e+01   1.7249853e+02
   4.9454387e+01   1.0635017e+02
   1.0929374e+02   1.6854314e+02
   1.8939178e+01   1.2507476e+01
   1.8682207e+02   1.7717345e+02
   8.4153334e+01   7.2062818e+01
   1.3194464e+02   6.5412667e+01
   1.5160573e+02   1.6675217e+02
   1.7260680e+02   1.0342187e+02
   1.1465505e+01   1.3939518e+02
   2.4747023e+01   1.3802718e+02
   8.6341990e+01   1.7473704e+02
   6.3711715e+01   8.7392086e+01
   9.1662992e+01   1.8140004e+02
   7.7641823e+01   1.1617141e+02
   1.7062201e+02   1.5184676e+02
   1.3247038e+02   6.8475914e+01
   1.5151986e+01   1.2115189e+02
   1.8899088e+02   1.4534784e+02
   1.1889667e+02   1.3923381e+02
   8.8371606e+01   1.5427873e+02
   1.7479035e+02   1.1672186e+02
   1.6719908e+02   1.7105699e+02
   2.6355298e+01   1.0289183e+01
   4.0617034e+01   1.8349302e+02
   1.3712085e+02   1.6994513e+02
   1.7444911e+02   3.2770462e+01
   1.6550432e+02   1.4971953e+02
   1.3678150e+02   7.8533751e+01
   9.5804039e+01   6.7796623e+01
   9.3248270e+01   1.2761860e+02
   6.2943360e+01   6.3352213e+01
   4.4627468e+01   8.5369542e+01
   1.6366760e+02   3.7012903e+01
   1.2800616e+02   1.3029823e+02
   8.7172721e+01   6.2850272e+01
   1.1445255e+02   1.3911628e+01
   7.4888501e+01   4.0299862e+01
   4.1589015e+01   1.4855799e+02
   1.7050797e+02   1.4390206e+02
   9.5141715e+01   1.0284934e+02
   1.3990033e+02   2.6473680e+01
   9.6835690e+01   8.4680024e+01
   8.4131386e+01   1.5077258e+02
   2.8185385e+01   1.3075780e+02
   3.0891774e+01   1.9251151e+01
   1.5008706e+02   5.3563444e+01
   3.8229843e+01   6.7732941e+01
   1.2761105e+01   1.7430376e+02
   3.1114789e+01   1.5870853e+02
   5.4259298e+01   1.2400288e+02
   1.0919243e+02   1.0170925e+02
   3.1819204e+01   1.6181908e+02
   1.2917233e+02   1.2877167e+02
   1.8838360e+02   2.3853521e+01
   1.6389475e+02   7.0928560e+01
   3.8568955e+01   1.1292781e+02
   1.3157236e+02   1.1313230e+02
   1.4438787e+02   4.4558081e+01
   7.3479591e+01   1.8408163e+01
   1.7827965e+02   1.4179378e+02
   9.1849615e+01   8.9937104e+01
   1.8995414e+02   7.1027964e+01
   8.0031383e+01   1.5049239e+02
   1.0604033e+02   1.9961943e+01
   1.7920398e+02   1.0319020e+01
   4.6774337e+01   1.4404375e+01
   1.2449160e+02   1.8652730e+02
   8.2881393e+01   1.6275470e+02
   3.9486755e+01   3.4108968e+01
   1.6781509e+02   7.4545166e+01
   1.5424614e+02   1.3663116e+02
   9.3293155e+01   1.2237931e+02
   5.9502127e+01   1.2142745e+02
   1.8472905e+01   1.2106322e+02
   1.0210168e+02   1.1148651e+02
   4.2079116e+01   1.3772148e+02
   1.1485143e+02   1.8053181e+02
   1.3026517e+02   6.7982118e+01
   1.0477256e+02   7.8020887e+01
   3.6162127e+01   1.2067288e+02
   4.5745227e+01   1.1517522e+02
   4.8994622e+01   1.4929158e+02
   1.0457788e+02   1.4563982e+02
   1.3578567e+02   1.3336018e+02
   1.5294097e+02   1.3027684e+02
   9.9221454e+01   8.5911076e+01
   1.5738232e+02   1.3658943e+02
   1.7124549e+02   7.3358486e+01
   1.7945904e+02   1.7852141e+02
   1.6243554e+02   4.1690737e+01
   1.6528240e+02   1.3936403e+02
   2.8202757e+01   6.5875744e+01
   5.0431517e+01   2.4559702e+01
   1.3408852e+02   1.5220377e+02
   8.7847546e+01   1.6684788e+02
   4.8457731e+01   1.6618866e+02
   1.4843823e+01   8.9042333e+01
   1.3724947e+02   1.5232251e+02
   3.5686741e+01   1.2569198e+02
   1.2187372e+01   3.3280905e+01
   9.7408094e+01   2.9117057e+01
   1.6211551e+02   1.0470060e+01
   2.0002080e+01   1.1964599e+02
   1.2865012e+02   1.3201345e+02
   7.0915336e+01   1.5012472e+02
   1.2773005e+02   1.6155695e+02
   2.2792355e+01   3.0495549e+01
   1.8128114e+02   1.5400212e+02
   3.5014410e+01   1.3142949e+02
   1.4781976e+02   1.3667132e+02
   6.4694096e+01   1.7432853e+02
   9.5822120e+01   3.9833373e+01
   1.8567276e+02   3.9597000e+01
   1.5913022e+02   1.0073365e+02
   1.1527348e+01   1.0712544e+02
   9.2904370e+01   1.4778687e+02
   5.2155972e+01   1.2873797e+02
   8.6708469e+01   1.5118012e+02
   1.2646932e+02   4.5044085e+01
   1.2612054e+02   7.4075294e+01
   2.3201231e+01   8.5209500e+01
   1.2748305e+02   1.0205921e+02
   1.4756641e+01   7.0704684e+01
   1.6456743e+01   3.8354567e+01
   5.9776480e+01   9.8222621e+01
   3.5956416e+01   1.0941556e+02
   4.2165313e+01   3.4731558e+01
   5.5274628e+01   1.1059843e+02
   1.0948891e+02   4.2200234e+01
   1.0956894e+02   1.4948462e+02
   1.5493867e+02   2.8883734e+01
   1.6272025e+02   1.7823158e+02
   1.3182532e+02   5.4100701e+01
   7.2946056e+01   3.4870207e+01
   1.1492728e+02   3.1415610e+01
   5.0912281e+01   8.8596547e+01
   1.1606464e+02   5.4349722e+01
   1.6318858e+02   5.9466994e+01
   1.8704337e+02   8.4972816e+01
   2.4901493e+01   1.1093010e+02
   8.5685991e+01   1.2964005e+02
   5.7084448e+01   5.6878546e+01
   1.5442665e+02   8.7173602e+01
   1.2313763e+02   7.3262942e+01
   4.3347111e+01   2.0465935e+01
   9.1712967e+01   1.9977163e+01
   1.0171839e+02   1.5822161e+02
   4.1343575e+01   2.7037052e+01
   3.7733128e+01   1.2615546e+02
   8.4258639e+01   1.4828141e+02
   1.3864079e+02   1.3752416e+02
   1.2068076e+02   1.6520381e+02
   1.0106140e+02   1.0777757e+02
   1.6611246e+02   4.6805471e+01
   3.6898045e+01   1.4316034e+02
   7.1211214e+01   1.6925788e+02
   3.4332871e+01   1.6107086e+02
   9.6824653e+01   1.7472930e+02
   1.1457112e+02   1.1481033e+02
   1.6828338e+02   1.0063257e+02
   1.1982583e+02   9.0177876e+01
   8.9023887e+01   1.6275305e+02
   1.2193437e+02   2.4253038e+01
   1.7481179e+02   8.4597249e+01
   1.0211918e+02   9.0067312e+01
   3.8967756e+01   1.3049835e+02
   1.4364794e+02   2.7683821e+01
   1.7425468e+02   1.2939525e+02
   1.7453414e+02   1.8604297e+02
   1.1795401e+02   1.7560205e+02
   5.9255124e+01   2.9492012e+01
   9.6195637e+01   4.1927218e+01
   7.9285641e+01   1.3485256e+02
   1.7223003e+02   9.7102472e+01
   1.3814224e+02   6.3529200e+01
   1.2303767e+02   4.9289889e+01
   2.3517318e+01   1.1878510e+02
   5.8037487e+01   1.8593203e+02
   5.3582972e+01   8.5266883e+01
   1.2045747e+02   1.8559298e+02
   5.7882344e+01   3.4876075e+01
   1.2099921e+02   1.7426816e+01
   4.0330537e+01   1.2303871e+02
   1.6550489e+02   2.2507332e+01
   1.1510415e+02   1.5694602e+02
   1.1489877e+02   8.2391343e+01
   1.3167420e+02   7.7646937e+01
   1.6317474e+02   1.3168460e+02
   7.4554251e+01   1.0905374e+02
   4.6386071e+01   1.0572700e+02
   3.9582250e+01   6.0990125e+01
   6.4106542e+01   1.6004898e+02
   1.4615552e+02   1.6921743e+02
   3.0869820e+01   3.7209744e+01
   5.4481118e+01   8.3130795e+01
   1.5469947e+02   1.0118872e+01
   1.0030877e+01   1.6551957e+02
   1.0376238e+02   1.8354983e+02
   1.6548881e+02   1.3249301e+02
   1.4511527e+02   1.8031047e+01
   1.8609385e+02   4.7891744e+01
   4.0471715e+01   1.8973225e+02
   3.8993547e+01   1.8862868e+02
   1.7297576e+02   6.2733005e+01
   1.7785654e+02   2.2525422e+01
   7.1368305e+01   9.0401037e+01
   1.7618974e+02   1.6194062e+02
   1.6877881e+02   1.8196320e+02
   1.8884849e+02   1.1520694e+02
   8.8442164e+01   1.8631499e+02
   1.6492961e+02   2.0517238e+01
   3.4708652e+01   1.2785180e+02
   3.0488941e+01   3.0857527e+01
   3.7686703e+01   1.7642839e+02
   8.1383027e+01   6.7274115e+01
   1.1367315e+02   6.0270764e+01
   1.7810773e+02   3.1264331e+01
   9.7054624e+01   1.4721888e+02
   1.3155565e+02   1.5537627e+02
   4.7016135e+01   1.2403190e+01
   3.6867375e+01   5.8757614e+01
   1.8819270e+02   1.6119192e+02
   1.5643196e+02   6.4976826e+01
   1.2774053e+02   1.3601971e+02
   5.5030129e+01   1.5362842e+02
   6.6027607e+01   2.6530581e+01
   1.7327347e+01   1.1451864e+02
   1.0544751e+01   1.1159288e+02
   1.5119062e+02   1.4301519e+02
   1.1861580e+02   3.8467338e+01
   1.6300654e+02   1.2309581e+02
   1.3330802e+02   1.5918847e+02
   1.5637823e+02   4.0856850e+01
   4.3699752e+01   1.6224848e+02
   7.6364592e+01   5.1100641e+01
   1.3533915e+02   1.6319298e+02
   1.0261771e+02   4.9640446e+01
   1.9367852e+01   1.5732127e+02
   6.1750458e+01   4.9545853e+01
   1.4381903e+02   1.5626533e+02
   1.4064334e+02   1.3774281e+02
   7.7756774e+01   1.6064243e+02
   1.7160840e+02   4.5235739e+01
   1.4408297e+02   8.1289719e+01
   8.6417568e+01   4.8180918e+01
   8.7712186e+01   1.2677928e+02
   8.1220233e+01   2.0071182e+01
   1.2109577e+02   7.1615792e+01
   1.3639023e+02   1.0689194e+02
   9.6726041e+01   1.5378004e+02
   6.8474470e+01   4.3073127e+01
   1.1426380e+02   1.7161253e+02
   1.2137095e+02   4.2779935e+01
   1.5392630e+02   6.0885345e+01
   1.5590980e+02   1.1503586e+02
   1.4069257e+02   9.5608750e+01
   1.5988431e+01   7.4059456e+01
   1.6531646e+02   1.8756053e+02
   5.0787561e+01   7.3088167e+01
   2.2015798e+01   9.1228161e+01
   1.7971156e+02   1.8182019e+02
   6.2524329e+01   7.4113413e+01
   1.6791894e+02   1.8597091e+02
   3.0334959e+01   1.7216007e+02
   1.6202567e+02   1.6390703e+02
   1.2412058e+02   1.2019025e+02
   4.9006378e+01   1.1827483e+02
   1.2293494e+02   2.9898281e+01
   1.4284923e+02   1.7178167e+02
   1.0652142e+02   9.2871328e+01
   5.5839701e+01   8.1679025e+01
   1.8278095e+02   4.3069915e+01
   8.8331688e+01   3.8158417e+01
   1.7663942e+02   1.7053611e+02
   7.8315003e+01   4.5285900e+01
   1.2861104e+02   1.0886350e+02
   2.1108932e+01   1.6571602e+02
   1.3016953e+02   3.6588673e+01
   1.3675427e+02   1.7207697e+02
   8.2521668e+01   7.0153375e+01
   1.4735688e+02   1.8716136e+02
   1.3502291e+02   1.7413918e+02
   1.4121354e+02   5.5161376e+01
   1.3974827e+01   9.4707998e+01
   1.2107907e+02   1.0862954e+02
   1.5362024e+02   7.6307598e+01
   7.2954239e+01   2.2337246e+01
   1.1991986e+02   1.6057809e+02
   1.6096649e+02   1.7551223e+02
   1.4842834e+02   8.2537492e+01
   1.8493928e+02   1.7262571e+02
   1.7020419e+01   1.3428228e+01
   2.1379732e+01   1.5821575e+02
   1.1257339e+02   1.0713194e+01
   6.2169957e+01   7.1050478e+01
   9.8238770e+01   1.3119106e+01
   3.4698648e+01   4.3499098e+01
   1.7695471e+02   1.2226748e+02
   1.8799506e+02   1.0543645e+02
   2.9015730e+01   8.9557543e+01
   4.1178337e+01   2.9618723e+01
   1.2454517e+02   1.2798088e+02
   4.8875838e+01   1.2376541e+02
   1.7338592e+02   1.2389685e+02
   1.7688141e+02   1.0751031e+02
   8.0957101e+01   1.2235513e+02
   1.0496507e+02   1.0831021e+02
   7.8690781e+01   2.6501901e+01
   8.9245605e+01   3.4992639e+01
   7.8068698e+01   1.3088948e+01
   1.5417138e+02   8.2000725e+01
   2.6760545e+01   1.2666515e+02
   3.8171542e+01   1.2872839e+02
   1.5246140e+02   1.8769883e+02
   1.4513721e+02   1.7435684e+02
   6.5679110e+01   1.8802067e+02
   3.1511955e+01   5.0478619e+01
   8.1840015e+01   2.2630103e+01
   1.5188539e+02   1.7644746e+02
   1.5611322e+01   1.8648573e+02
   7.3353900e+01   1.7440550e+02
   1.2668000e+02   3.1370735e+01
   1.5722418e+02   6.2592509e+01
   1.6317851e+02   1.8242494e+02
   1.7233734e+02   2.2131681e+01
   1.6601612e+02   4.3119310e+01
   3.9727590e+01   5.2323758e+01
   1.4355485e+01   6.8711791e+01
   1.8339396e+02   1.0898168e+01
   9.0530879e+01   1.2405962e+02
   1.3556940e+02   3.9465430e+01
   1.7128933e+02   1.2910253e+02
   1.6094504e+02   1.8202483e+01
   1.2789271e+02   1.6461322e+02
   9.8625165e+01   1.1403360e+02
   8.1991372e+01   1.5573308e+02
   5.9665117e+01   1.5951722e+02
   7.5562408e+01   3.2630581e+01
   6.1001044e+01   5.1746040e+01
   1.7459275e+02   4.5158352e+01
   1.2113050e+02   4.9510938e+01
   3.4377529e+01   1.7280819e+02
   4.6036163e+01   4.1490151e+01
   1.7008312e+02   1.2738600e+02
   1.8234223e+02   1.5906502e+02
   1.3307989e+02   1.8341703e+02
   1.4336422e+02   1.6472219e+02
   1.1989946e+02   8.6308794e+01
   1.6479936e+02   1.3471508e+02
   2.9938539e+01   1.2567175e+02
   1.0056546e+02   1.0005462e+01
   4.0544199e+01   1.3653320e+02
   1.3481500e+02   1.8066021e+02
   1.2680506e+02   1.0944935e+02
   1.1771930e+02   1.5675494e+02
   1.2349202e+01   5.6064058e+01
   1.2490335e+02   1.1171226e+02
   8.1502387e+01   7.7425563e+01
   1.7206960e+02   1.0551155e+02
   1.1441843e+02   9.4351538e+01
   7.0528633e+01   1.8926749e+02
   6.7385661e+01   1.1519578e+02
   2.7329546e+01   2.2959120e+01
   6.4072311e+01   5.8661264e+01
   1.0909093e+02   2.8104254e+01
   2.6161630e+01   2.5759277e+01
   1.0421932e+02   1.1901699e+02
   2.0794718e+01   3.2772522e+01
   1.5628151e+02   1.8655075e+01
   1.7521875e+02   9.1669949e+01
   1.6365158e+02   4.3148631e+01
   1.7187030e+02   6.6523309e+01
   1.8863152e+02   9.4116362e+01
   9.5941194e+01   1.8016336e+02
   7.5409525e+01   4.8573076e+01
   1.1154339e+02   1.1366259e+02
   4.2911583e+01   1.4733368e+02
   1.5161425e+02   1.3239332e+02
   1.0126190e+02   1.8772455e+02
   7.0893250e+01   2.9445599e+01
   7.9890395e+01   7.1972357e+01
   1.6298795e+02   9.8138783e+01
   6.3094595e+01   8.1317019e+01
   1.3146486e+02   1.7113951e+02
   5.0779977e+01   1.7696129e+02
   5.2608096e+01   6.1317903e+01
   1.3427699e+02   8.3515417e+01
   9.3511730e+01   3.2221877e+01
   1.8773471e+02   5.5123466e+01
   1.4116136e+01   5.9126222e+01
   5.8111592e+01   1.4889304e+02
   6.0381992e+01   1.2357250e+02
   4.3318227e+01   5.9126193e+01
   3.6127700e+01   9.9234999e+01
   1.5983244e+02   1.3093029e+02
   5.8404570e+01   1.6398013e+02
   1.2617570e+02   5.1878297e+01
   2.6859451e+01   6.9612219e+01
   3.7227535e+01   2.8351716e+01
   1.6318950e+02   1.2555142e+02
   4.6558262e+01   1.7328318e+02
   7.3960103e+01   8.7756784e+01
   8.6643402e+01   1.9723601e+01
   1.3621001e+02   1.8389232e+02
   3.6301518e+01   2.0873418e+01
   3.3226917e+01   1.7490958e+02
   1.8856650e+02   2.7373516e+01
   8.7356620e+01   4.3558179e+01
   1.7018611e+02   8.2721450e+01
   1.2759894e+02   1.1863474e+02
   1.7479370e+02   5.8237634e+01
   1.0950397e+02   5.5210745e+01
   8.9424896e+01   1.5712055e+02
   4.5045884e+01   1.0013537e+01
   1.0996440e+02   6.6377612e+01
   3.2601822e+01   1.4503231e+02
   1.4494599e+02   1.8571294e+02
   1.7922024e+02   1.1537249e+02
   4.7476870e+01   3.7064498e+01
   1.2798401e+02   2.3549467e+01
   1.7710776e+02   9.0477554e+01
   9.9598589e+01   4.3840668e+01
   4.5230448e+01   1.1784793e+02
   8.4080720e+01   1.2247305e+02
   1.1319101e+01   4.4474176e+01
   1.7161273e+02   2.4377876e+01
   6.5973972e+01   2.9573039e+01
   1.5654562e+02   7.2591062e+01
   1.5310710e+02   1.1734556e+01
   1.7616140e+02   5.6860631e+01
   1.3651093e+02   1.6509342e+02
   2.4215245e+01   5.6095959e+01
   8.4203758e+01   1.7123649e+02
   1.0631495e+02   1.7106439e+02
   1.4177590e+02   1.0662341e+02
   1.1896717e+01   2.4661125e+01
   3.6994895e+01   1.7017614e+02
   6.1584845e+01   8.6081335e+01
   1.2181031e+02   1.8790758e+02
   1.8414332e+02   4.4327276e+01
   1.3890079e+02   4.0844620e+01
   1.1375928e+02   1.5857186e+02
   1.7760487e+02   1.3934941e+02
   4.8732523e+01   2.7291301e+01
   2.1788509e+01   4.2193494e+01
   1.7017713e+02   1.8997802e+02
   7.9881662e+01   1.3080165e+02
   1.6515542e+02   1.1604296e+02
   7.4257469e+01   1.1307763e+02
   3.1796541e+01   1.7042962e+02
   4.1970002e+01   1.3034597e+02
   3.7108062e+01   4.8534723e+01
   1.8039240e+02   1.3533183e+02
   1.7461052e+02   1.0832795e+02
   8.5294521e+01   1.4349186e+02
   1.3702069e+02   4.6698175e+01
   3.5858236e+01   1.5026272e+02
   7.0633910e+01   2.4719290e+01
   7.9153410e+01   5.5494196e+01
   1.8954490e+02   1.2364108e+02
   1.4523503e+02   8.9238845e+01
   1.3825987e+01   1.0734860e+02
   1.8715963e+02   1.1271209e+01
   1.3470936e+02   9.3289217e+01
   1.7242362e+02   1.1350873e+02
   6.0096975e+01   7.1900461e+01
   1.5970805e+02   6.4731494e+01
   2.1799594e+01   9.3229397e+01
   4.4657256e+01   6.2051042e+01
   2.5991627e+01   7.6021866e+01
   1.2928907e+02   1.6882815e+02
   1.4288158e+02   1.0177739e+02
   9.8529856e+01   1.4359836e+02
   1.3638735e+02   2.1326404e+01
   6.1493201e+01   1.5934799e+02
   1.0505301e+02   8.3297044e+01
   1.0033305e+02   1.1006800e+02
   1.4741401e+02   1.8394864e+02
   6.2906325e+01   1.8214026e+02
   1.2334042e+02   6.0473932e+01
   1.8221130e+02   1.4590378e+02
   8.4245918e+01   1.7404360e+02
   1.3492334e+01   1.1815805e+02
   1.6413016e+02   1.8517237e+02
   2.4035125e+01   2.3182763e+01
   4.5513924e+01   1.3968491e+02
   1.2848706e+01   1.6454664e+02
   1.0793529e+01   7.3352457e+01
   1.8033491e+02   2.2453308e+01
   1.0385116e+02   1.7258730e+02
   1.1611035e+02   5.0680188e+01
   4.0862431e+01   1.7625627e+02
   2.5744017e+01   1.5898931e+02
   2.6302245e+01   6.6660682e+01
   1.8712037e+02   4.2004804e+01
   1.0513170e+02   1.4373689e+02
   7.7080624e+01   2.2610059e+01
   1.3193179e+01   8.2901009e+01
   8.9336946e+01   1.3899544e+02
   1.3463219e+02   3.0805792e+01
   1.3509240e+02   3.6854497e+01
   1.6715039e+02   4.1231358e+01
   1.6418571e+02   8.5434287e+01
   1.5780737e+02   8.9567964e+01
   1.0426428e+01   7.0768117e+01
   1.2409879e+02   1.7020527e+02
   4.1233698e+01   4.5887265e+01
   1.0881636e+02   4.4852356e+01
   1.9671887e+01   1.4409578e+02
   7.7306928e+01   1.5526955e+02
   4.8427560e+01   1.0133416e+02
   8.4565926e+01   1.1150042e+02
   8.3675780e+01   4.0395512e+01
   4.4864430e+01   1.3044043e+02
   7.4876325e+01   1.3582850e+02
   8.7713301e+01   1.3737889e+02
   1.1249996e+02   6.8109956e+01
   1.8090624e+02   1.3830239e+02
   3.7560587e+01   1.3330079e+02
   1.2152335e+02   1.8991435e+02
   1.6661011e+02   1.1248685e+02
   2.2702058e+01   1.1711972e+02
   1.0221710e+01   1.0532082e+02
   6.0030939e+01   8.4729100e+01
   1.4387017e+02   1.2602795e+01
   1.5442222e+02   1.6769146e+02
   3.9774275e+01   6.9040500e+01
   1.1417340e+02   7.5240965e+01
   2.2288400e+01   1.8741375e+02
   7.6392845e+01   1.8672435e+02
   9.5778067e+01   5.1876385e+01
   6.2137488e+01   2.0744926e+01
   3.3436408e+01   1.3888591e+01
   5.7541056e+01   1.5188825e+02
   1.8910228e+02   4.8005607e+01
   6.1163594e+01   3.3821512e+01
   1.6775871e+02   7.8086802e+01
   6.6230304e+01   1.4289794e+02
   1.7658087e+02   1.5026358e+01
   1.1149998e+02   4.3907620e+01
   1.2596265e+02   9.2845327e+01
   4.8983668e+01   1.4588988e+02
   1.4637579e+02   1.6634426e+02
   5.0605151e+01   1.2170627e+01
   1.0516163e+02   2.2689117e+01
   1.4816210e+02   3.0591777e+01
   1.3520721e+02   1.0903242e+02
   9.5729585e+01   1.7824924e+02
   2.7770205e+01   1.8477052e+02
   3.2406197e+01   1.1994251e+02
   1.5035348e+02   1.4863041e+02
   1.2846746e+02   1.5696670e+02
   1.4532278e+02   1.7810442e+02
   2.4902472e+01   1.2281308e+02
   5.4524819e+01   6.0584354e+01
   9.7097607e+01   1.1183436e+02
   2.1238130e+01   1.0445648e+02
   6.4445686e+01   6.7652751e+01
   7.2730148e+01   7.9895770e+01
   1.1037821e+02   1.7482070e+02
   1.5194712e+02   3.6931193e+01
   6.5348736e+01   1.5820376e+02
   7.3821178e+01   2.6981959e+01
   1.2394553e+02   8.5682943e+01
   1.8695018e+02   1.1684269e+02
   1.2448550e+02   8.1080472e+01
   2.5970853e+01   1.4477860e+01
   1.8214289e+02   7.5311306e+01
   1.5084358e+02   9.6730665e+01
   1.5015414e+02   1.3632647e+02
   1.1061529e+02   1.1660238e+02
   7.2808371e+01   1.7622137e+02
   1.8789961e+02   7.8820231e+01
   2.3710030e+01   1.7689869e+02
   1.2967341e+02   4.0776911e+01
   1.2151083e+02   4.7398680e+01
   6.6019203e+01   1.3713941e+02
   1.1224724e+02   3.6061677e+01
   1.6024436e+02   7.6469824e+01
   1.6949043e+02   7.0978605e+01
   6.7835146e+01   7.2978222e+01
   9.6195849e+01   1.1782565e+02
   6.0487273e+01   1.0077946e+02
   1.5102400e+02   7.2205450e+01
   1.5498877e+02   3.2146849e+01
   1.2489540e+02   1.3273758e+02
   1.4865152e+02   9.6130642e+01
   1.1956555e+02   6.6470637e+01
   7.4100950e+01   2.0542077e+01
   1.4452816e+02   1.3342311e+02
   1.1396759e+02   1.8964741e+02
   1.0125571e+02   8.0210328e+01
   3.7677204e+01   1.4880084e+02
   1.4548204e+02   7.4661080e+01
   3.4480541e+01   1.6828004e+02
   2.2179178e+01   1.5581038e+02
   4.2002898e+01   5.6902596e+01
   1.6149767e+02   1.5378120e+02
   1.7914152e+02   1.5229283e+02
   1.8807148e+02   5.8985000e+01
   9.6161454e+01   7.7313561e+01
   3.1351683e+01   7.7085273e+01
   9.7976429e+01   5.8641712e+01
   1.8664968e+01   1.6221158e+02
   1.4388650e+02   3.4290712e+01
   9.8790629e+01   9.0556743e+01
   9.0784107e+01   1.8302127e+01
   1.2699444e+02   1.6686138e+02
   1.1667957e+02   1.3847424e+02
   9.6297293e+01   4.9092807e+01
   8.5262617e+01   1.6520549e+02
   1.4317953e+02   1.8142502e+01
   1.1439718e+02   1.0846679e+01
   3.3280792e+01   6.1463383e+01
   1.5705127e+02   1.6698370e+01
   1.7817820e+02   6.6830384e+01
   1.2849028e+02   3.9254241e+01
   1.2791526e+01   1.9618801e+01
   1.2881973e+02   1.7114792e+02
   8.2335356e+01   1.1399040e+02
   9.0558251e+01   1.5217404e+02
   6.7064324e+01   3.3767146e+01
   2.3719058e+01   6.5274571e+01
   1.6985450e+02   3.8115489e+01
   1.1242161e+02   2.7761099e+01
   1.5301004e+02   5.2788398e+01
   1.4641195e+02   1.6385767e+02
   1.4468238e+02   1.4754133e+02
   7.7491467e+01   8.3465449e+01
   1.7143122e+02   1.2518795e+01
   1.3527093e+02   6.3021663e+01
   8.0026587e+01   8.4543116e+01
   2.4327701e+01   7.3821893e+01
   1.5954974e+02   9.0542261e+01
   1.2944785e+02   4.8780606e+01
   4.7501573e+01   8.4440668e+01
   5.7863918e+01   1.3578171e+02
   1.2138543e+02   1.3876009e+02
   2.7988826e+01   5.5694902e+01
   7.7246455e+01   1.0355891e+02
   3.1110165e+01   8.3012465e+01
   1.0321672e+02   1.1393764e+02
   1.7017202e+01   1.7538725e+02
   5.0622196e+01   8.3740198e+01
   7.9328197e+01   1.4698289e+02
   6.7105632e+01   1.6921536e+02
   1.0217859e+02   6.7067126e+01
   1.0802762e+02   6.1109397e+01
   1.2845153e+02   8.7697110e+01
   2.3733216e+01   1.3468947e+02
   7.1323288e+01   1.4035075e+02
   1.5837101e+02   9.8910207e+01
   2.1208370e+01   1.6942534e+02
   8.9034645e+01   6.4736545e+01
   5.8018585e+01   5.0752013e+01
   1.5674388e+02   3.4380684e+01
   1.0588827e+02   1.8999979e+02
   5.0618267e+01   6.6624785e+01
   1.2686988e+02   1.7531024e+01
   4.3605040e+01   5.5031546e+01
   5.6954857e+01   9.5049940e+01
   8.4713889e+01   1.5843993e+02
   1.3211960e+02   1.7926964e+02
   1.1360177e+02   4.1685751e+01
   3.1759168e+01   1.1618786e+02
   1.2599655e+02   8.3168409e+01
   4.5653186e+01   8.0341998e+01
   9.9871075e+01   1.8190231e+01
   1.7261258e+02   1.0846981e+02
   4.1607663e+01   1.8197853e+02
   8.3226321e+01   7.5249209e+01
   1.6599820e+02   1.0236219e+02
   6.9204485e+01   1.0369286e+02
   1.6618125e+02   1.2382882e+02
   1.2568290e+01   1.7827243e+02
   9.2247175e+01   3.9647531e+01
   6.1145129e+01   1.4365900e+02
   6.6850366e+01   9.8280898e+01
   3.5456811e+01   6.8443781e+01
   1.4413777e+02   1.1601186e+02
   2.5501914e+01   1.0525752e+02
   1.6734350e+02   8.2650801e+01
   1.6633658e+02   6.5203160e+01
   1.7875319e+02   1.0574357e+02
   6.6411405e+01   1.8459675e+02
   1.7924745e+02   1.3133187e+02
   1.1124919e+02   1.7724004e+02
   5.3511361e+01   1.7592668e+02
   1.2254447e+02   1.5252677e+02
   1.0602810e+02   8.0356638e+01
   1.0736384e+02   1.0225768e+01
   1.1517133e+02   1.4209670e+02
   1.1530112e+01   4.2269424e+01
   1.3620068e+02   9.8903759e+01
   1.4339817e+02   9.3230983e+01
   1.0807182e+02   6.3193962e+01
   1.3251292e+02   1.6795910e+02
   1.3319742e+01   1.3022098e+02
   1.8922414e+02   5.3001105e+01
   1.1548201e+02   1.7898001e+01
   1.7622701e+02   1.2973338e+02
   1.0650002e+02   1.3787203e+02
   2.5443800e+01   1.7744150e+02
   8.0958561e+01   3.8360981e+01
   1.1163331e+01   1.4129589e+02
   1.0043067e+02   1.7348803e+02
   7.1392457e+01   1.3268874e+02
   1.2963622e+02   1.7391389e+02
   8.6126365e+01   4.6174383e+01
   1.0589202e+02   1.3429381e+02
   2.7724454e+01   1.0425375e+02
   5.8853884e+01   8.9897139e+01
   1.8221919e+02   1.5003569e+02
   3.1647381e+01   1.4138214e+02
   1.0379594e+02   5.3499266e+01
   1.2641998e+02   1.8596075e+02
   1.5210903e+02   1.3413526e+02
   4.7902984e+01   6.6889949e+01
   1.5625754e+02   1.7315619e+02
   1.6415670e+01   4.2812406e+01
   1.2538765e+02   1.2593916e+02
   1.6812016e+02   1.5874668e+02
   6.1431226e+01   5.6548815e+01
   1.0277952e+02   7.8653559e+01
   3.0942029e+01   1.3923347e+02
   1.3436006e+01   1.3929851e+02
   4.6056142e+01   2.0692810e+01
   5.5004642e+01   9.0597432e+01
   9.4347112e+01   4.4042213e+01
   1.6301989e+02   1.1025396e+02
   3.5298653e+01   3.1836246e+01
   1.8383647e+02   9.5806969e+01
   1.4802261e+02   5.5556997e+01
   1.2517357e+02   1.4202529e+02
   6.5680999e+01   1.1676215e+02
   1.4919597e+02   4.5208112e+01
   1.7847600e+02   1.6700304e+02
   5.7305780e+01   5.3282332e+01
   3.1080897e+01   4.8464976e+01
   8.1229511e+01   7.5353029e+01
   1.9521852e+01   5.0775996e+01
   3.0372399e+01   9.7761273e+01
   2.9935197e+01   7.0148254e+01
   1.2322391e+02   1.2469614e+02
   6.6619787e+01   3.1380567e+01
   1.4236081e+02   1.8426916e+02
   5.4393717e+01   5.8360720e+01
   1.7565864e+02   1.2406998e+02
   9.9131878e+01   3.7529657e+01
   3.6492308e+01   1.6696912e+02
   1.0809659e+02   9.1873661e+01
   1.0010528e+02   5.0412375e+01
   1.8993298e+02   1.6682999e+02
   1.0152849e+02   8.6683339e+01
   1.7297801e+02   8.1713977e+01
   1.6083382e+01   1.5443673e+02
   7.7522424e+01   1.6505851e+02
   8.7380557e+01   1.6367810e+02
   1.8062992e+02   1.0147471e+02
   1.5928497e+02   1.8955912e+02
   1.3212909e+02   1.2562174e+02
   1.4642753e+02   6.8865756e+01
   1.1679559e+01   1.4647977e+02
   4.5607658e+01   1.4792548e+02
   7.5938275e+01   9.6062053e+01
   1.2416523e+02   1.8883175e+02
   1.7662309e+01   4.9661447e+01
   8.1359375e+01   1.6099229e+02
   7.7291715e+01   1.1176727e+02
   1.0120138e+02   3.6365921e+01
   9.6852526e+01   1.0367888e+02
   1.1695842e+02   2.6273882e+01
   3.7730359e+01   4.3333144e+01
   1.7358608e+02   3.5538003e+01
   1.9922873e+01   1.8158319e+01
   1.4628022e+02   9.4172419e+01
   1.3969840e+02   3.1540438e+01
   1.5098040e+02   1.2131779e+01
   1.7477248e+02   2.2424753e+01
   9.6797195e+01   6.0975359e+01
   1.6942319e+02   7.9400760e+01
   1.7280977e+02   1.3457444e+02
   1.7287451e+02   1.2085572e+02
   6.8094631e+01   1.6642174e+02
   1.7946072e+02   8.8416761e+01
   1.6054769e+02   4.2697371e+01
   1.0160259e+01   6.6902870e+01
   1.6652423e+02   6.3399048e+01
   1.2036510e+02   1.4060159e+02
   3.0508387e+01   1.3325205e+02
   9.6000154e+01   3.1126188e+01
   1.5017963e+02   1.7456450e+02
   1.0100221e+02   1.0241016e+02
   1.7050064e+02   2.9610500e+01
   7.2658964e+01   1.6350745e+01
   1.2943676e+02   1.3468379e+02
   1.1528907e+02   1.5457544e+02
   3.6739616e+01   6.1905668e+01
   5.4353808e+01   3.8233522e+01
   9.9484596e+01   1.4632417e+02
   7.9741697e+01   4.0390912e+01
   9.7512881e+01   1.8507276e+02
   2.6447360e+01   7.9286956e+01
   6.1134417e+01   1.4716582e+02
   9.9230336e+01   1.5351903e+02
   1.0571034e+02   5.3443496e+01
   1.7739086e+02   2.8143834e+01
   1.1800463e+02   9.8020285e+01
   1.2234185e+02   1.7931795e+02
   3.5894318e+01   1.8420514e+02
   9.2156723e+01   1.7494799e+02
   9.0179724e+01   6.0077568e+01
   1.0926855e+02   1.5961587e+02
   8.4359128e+01   1.6689093e+01
   9.7272692e+01   3.5260611e+01
   8.4508764e+01   1.3297098e+02
   1.6944637e+02   3.6117372e+01
   1.3075193e+02   1.5754053e+02
   8.7192861e+01   5.8051032e+01
   8.0590276e+01   2.6602608e+01
   7.0598151e+01   8.6374415e+01
   8.1304056e+01   9.5012116e+01
   1.3740122e+02   5.4335682e+01
   1.8947545e+02   9.8559139e+01
   1.6617492e+02   1.5415080e+02
   8.4696466e+01   6.9082899e+01
   1.1967919e+02   1.3702535e+02
   5.0345154e+01   1.3041517e+02
   1.7875269e+02   1.2887960e+02
   8.3965128e+01   2.1837258e+01
   1.4375856e+02   3.7014819e+01
   5.3883148e+01   7.7819631e+01
   1.3735587e+02   1.5485275e+01
   4.2434167e+01   1.8659569e+02
   7.1716550e+01   1.1394604e+02
   1.8789028e+01   8.1365932e+01
   8.5517062e+01   9.9510170e+01
   1.8107807e+02   1.9410107e+01
   1.1915095e+02   1.7126677e+02
   1.0366418e+02   1.2436316e+02
   1.3598322e+02   8.0219894e+01
   8.1740155e+01   1.4086716e+02
   4.0995143e+01   1.6365990e+02
   1.2428722e+02   1.5945583e+02
   1.1066700e+02   1.1987686e+02
   8.6615604e+01   1.4885057e+02
   4.6683403e+01   1.8094608e+02
   1.2259454e+02   1.8583058e+02
   1.2226691e+02   9.4362079e+01
   1.7746082e+02   3.6066845e+01
   1.7143436e+02   8.7059978e+01
   1.2577104e+02   8.6860791e+01
   1.0729118e+01   1.4350317e+02
   1.7821678e+02   9.8654513e+01
   1.5136817e+02   4.7910310e+01
   7.3830849e+01   7.2694322e+01
   7.2406358e+01   6.8022360e+01
   4.6063061e+01   1.8347666e+02
   5.8555072e+01   8.2983727e+01
   1.8020451e+02   7.7472597e+01
   1.3822756e+02   1.6823933e+02
   5.7414090e+01   1.0252768e+02
   1.5608215e+02   4.9957069e+01
   1.7022587e+01   3.3521567e+01
   1.2564082e+02   1.2298817e+02
   1.6556068e+02   1.6713962e+02
   2.3989049e+01   1.5169527e+02
   9.5487734e+01   1.3487977e+02
   1.3210085e+02   2.8631460e+01
   1.0734395e+02   1.6156731e+02
   9.3087270e+01   1.8914355e+02
   7.2386639e+01   1.1792721e+02
   1.0686327e+02   9.0308572e+01
   1.1275048e+02   1.2123556e+02
   9.7252808e+01   1.2532053e+02
   6.8276517e+01   1.3925609e+02
   9.5321957e+01   1.3870920e+01
   6.9972387e+01   1.7870688e+02
   1.0821255e+02   7.5760682e+01
   1.2453615e+02   1.0508381e+02
   1.5487553e+01   8.3161091e+01
   8.6461967e+01   2.1929703e+01
   6.5094213e+01   1.7821134e+02
   6.9166143e+01   5.0524756e+01
   7.4689067e+01   9.0612315e+01
   1.4342520e+02   6.7853595e+01
   1.5853994e+02   1.4652358e+02
   3.5888820e+01   1.1282238e+02
   1.1307065e+02   1.3561357e+02
   1.7565703e+01   1.0355872e+02
   7.2047225e+01   1.7834737e+02
   1.2226262e+02   8.3266312e+01
   1.1368498e+02   1.3214014e+02
   1.6140115e+01   6.7197124e+01
   1.1581567e+02   1.5980745e+02
   5.8569498e+01   1.3343562e+02
   5.2205449e+01   1.6873381e+02
   1.4998353e+02   1.4624528e+02
   5.2481400e+01   1.8888813e+02
   1.3186774e+02   3.7602079e+01
   1.7036231e+02   9.1092389e+01
   1.4253884e+02   1.1155397e+02
   8.8257375e+01   1.7172412e+02
   5.5695764e+01   1.5742040e+02
   1.3211751e+02   3.0828277e+01
   4.6945738e+01   9.9102972e+01
   2.1245672e+01   1.0884880e+02
   1.4806322e+02   8.0711656e+01
   1.4634753e+02   8.2234239e+01
   1.7585012e+02   1.0039624e+01
   2.9259091e+01   1.0055553e+02
   1.1428269e+02   1.6973466e+02
   8.8173852e+01   1.4828297e+01
   2.2384082e+01   2.6613019e+01
   1.3992634e+02   1.5636191e+02
   1.3907169e+01   4.1175718e+01
   8.8838405e+01   1.3353473e+02
   9.0077638e+01   4.9797053e+01
   1.7514340e+02   1.8926965e+02
   1.2169899e+02   7.4781351e+01
   6.5678353e+01   3.8644147e+01
   7.6122301e+01   2.5091516e+01
   1.1424666e+02   8.7036590e+01
   7.6855725e+01   1.5784039e+02
   1.7271230e+02   1.7538619e+02
   1.6407668e+02   9.0052453e+01
   5.5539466e+01   1.7243022e+02
   5.9099031e+01   1.7197663e+02
   5.6031406e+01   1.0886448e+02
   2.2144789e+01   1.4981195e+02
   2.7513898e+01   6.0635711e+01
   1.5543888e+02   8.9118498e+01
   7.1831094e+01   1.8193521e+02
   1.3842051e+02   9.3681875e+01
   1.4857077e+02   1.8549330e+02
   1.2221531e+02   1.3185992e+02
   2.1103728e+01   8.4130996e+01
   4.4753384e+01   1.0456097e+02
   8.7919945e+01   1.8946052e+02
   1.5368015e+02   1.3697240e+01
   6.0597319e+01   6.4638233e+01
   1.1449295e+01   9.3485175e+01
   1.6847251e+02   1.6635455e+02
   1.5675284e+02   3.0871184e+01
   2.4220214e+01   1.6547808e+02
   8.8058940e+01   4.9414185e+01
   9.6808112e+01   1.6173303e+02
   3.2532709e+01   1.3748646e+02
   1.5649931e+02   1.2320871e+01
   1.7113651e+02   6.4356322e+01
   1.4391145e+02   1.5185983e+02
   1.3177562e+02   4.6519310e+01
   6.6369297e+01   5.7875331e+01
   8.5684319e+01   1.8021443e+02
   1.0289628e+02   1.0948771e+02
   1.5973696e+02   1.6981005e+02
   1.2770876e+02   2.6929309e+01
   1.2046233e+02   9.8222982e+01
   1.0220334e+02   5.7764998e+01
   1.4012531e+02   1.1640408e+02
   8.1484004e+01   1.2486220e+01
   5.9614022e+01   1.4586944e+02
   9.6433679e+01   1.4943661e+02
   9.9155128e+01   1.3665911e+02
   3.8012570e+01   9.6317740e+01
   1.7550094e+02   1.6464184e+02
   1.8767902e+02   7.0230365e+01
   8.3102978e+01   3.4196528e+01
   3.8204773e+01   1.7400912e+02
   2.0278299e+01   7.6946941e+01
   1.3197598e+02   8.0321148e+01
   6.8141624e+01   8.3880509e+01
   9.8629977e+01   1.7225126e+02
   2.6526298e+01   1.4976552e+02
   8.6233486e+01   1.7287266e+02
   9.4939411e+01   8.1812346e+01
   7.7407242e+01   9.0495640e+01
   1.6080118e+02   1.3646046e+02
   5.4765919e+01   1.8738295e+02
   8.6405505e+01   1.5554653e+02
   1.4910270e+02   1.7778047e+02
   1.2379173e+02   1.1698496e+02
   1.1758743e+02   1.4079969e+02
   1.4900227e+02   3.6628917e+01
   4.3206771e+01   1.6047617e+02
   1.4195094e+02   1.4642425e+02
   4.2115021e+01   1.0124071e+02
   1.0474452e+02   6.5446151e+01
   1.8735295e+02   2.5580962e+01
   1.7131777e+01   5.2269531e+01
   1.0022649e+02   1.6656946e+02
   9.3447295e+01   6.7745232e+01
   8.1935437e+01   1.7234528e+02
   1.8970833e+02   4.5943364e+01
   8.1097215e+01   1.7575560e+02
   2.7896929e+01   1.2086297e+02
   1.4587310e+02   1.8295379e+02
   6.4047614e+01   8.5548766e+01
   1.4039038e+02   1.4118190e+02
   2.1420807e+01   7.8962568e+01
   2.8287926e+01   2.0550151e+01
   7.6746824e+01   1.2762850e+02
   4.0412467e+01   7.1980996e+01
   1.2960624e+02   1.1198004e+02
   9.3529982e+01   2.4498523e+01
   1.2376093e+01   8.9810259e+01
   8.3119362e+01   1.6550281e+02
   1.1051727e+02   3.4692186e+01
   9.8304668e+01   7.3100494e+01
   7.9097570e+01   2.4663179e+01
   8.3386545e+01   6.6078737e+01
   1.5874616e+02   5.1784952e+01
   1.0603048e+02   6.1786881e+01
   8.7560234e+01   1.0762973e+01
   1.7528763e+02   1.3696970e+02
   6.8352820e+01   1.7474767e+02
   1.1047940e+01   1.3441902e+01
   1.2735885e+02   1.5257102e+01
   6.9778411e+01   3.7372685e+01
   8.9943043e+01   1.0846479e+02
   1.6389836e+02   8.3184576e+01
   8.2107652e+01   9.0895847e+01
   1.0772673e+02   1.2863271e+02
   1.6690605e+02   6.0721128e+01
   1.5071714e+02   5.7486765e+01
   7.2385203e+01   1.8942763e+02
   1.0705219e+02   1.6141950e+01
   4.5726518e+01   2.2652738e+01
   1.5191862e+01   1.7053356e+02
   1.2984057e+02   2.5762220e+01
   1.6988210e+02   1.1226688e+02
   6.5245005e+01   1.6920474e+02
   5.0998491e+01   1.1056347e+02
   1.5922987e+02   1.8189672e+02
   1.4689441e+02   5.9460050e+01
   1.6317749e+02   1.4935190e+02
   1.5513551e+02   1.6035089e+02
   9.2006369e+01   1.0645788e+02
   9.2608528e+01   4.5445459e+01
   1.7030874e+02   1.5561956e+02
   1.8366253e+02   1.6782177e+02
   7.6457181e+01   1.2431684e+02
   1.6161350e+02   5.0986944e+01
   1.1363042e+02   1.5160327e+02
   1.5375013e+02   1.8371927e+02
   1.3216344e+01   1.5015505e+02
   7.1016864e+01   1.2569369e+02
   1.3948925e+02   1.9178434e+01
   1.7906881e+01   1.1800680e+02
   5.7777564e+01   1.6590217e+02
   3.3510035e+01   1.2586383e+02
   1.0986735e+01   5.2951711e+01
   4.8496279e+01   4.9612762e+01
   6.9354402e+01   1.1856404e+02
   8.8250651e+01   1.1589943e+02
   2.3812280e+01   3.6462177e+01
   1.0019244e+02   3.3267644e+01
   1.0306162e+01   1.0189731e+02
   1.4477430e+02   1.3544114e+02
   8.2329635e+01   1.5791266e+02
   1.2051595e+02   1.5476684e+01
   3.9235603e+01   1.5143544e+02
   7.0612686e+01   1.8669752e+02
   2.9935557e+01   1.1319957e+02
   1.1272219e+02   8.5112709e+01
   7.8638027e+01   1.0856329e+02
   5.7666759e+01   1.5539240e+02
   1.6312102e+02   1.4116760e+02
   4.4265679e+01   1.4596596e+02
   1.8208647e+02   1.7146183e+02
   9.9453316e+01   7.9136926e+01
   1.5099262e+02   1.1771504e+02
   1.3630366e+02   7.6337838e+01
   1.8319773e+01   8.4248314e+01
   1.6924100e+02   1.6178815e+02
   6.7711406e+01   1.3483877e+02
   3.9676764e+01   1.3461630e+02
   8.3265535e+01   1.0837487e+02
   1.9234671e+01   7.3516644e+01
   2.1894140e+01   1.1375324e+02
   1.2319283e+02   1.2204055e+01
   1.0127453e+02   1.6496584e+02
   6.8682890e+01   6.4378302e+01
   7.0409614e+01   1.1186818e+02
   6.5836317e+01   1.3920927e+02
   1.8493138e+02   1.4147804e+02
   6.0616493e+01   4.6927081e+01
   1.4745493e+02   1.0334535e+02
   1.2170933e+02   1.1867662e+02
   4.0144391e+01   8.9423872e+01
   1.4850148e+02   4.1004683e+01
   1.7506830e+02   1.2732494e+02
   2.6657194e+01   1.3538098e+02
   1.8693891e+01   1.1207531e+02
   1.8212005e+02   3.8890665e+01
   1.3195525e+02   5.1202599e+01
   1.2370088e+02   6.2293541e+01
   8.3243990e+01   1.0238866e+01
   1.1100020e+02   9.7699029e+01
   2.6480706e+01   1.5173206e+02
   1.8882563e+02   1.3309587e+02
   1.2370286e+02   1.3078035e+02
   1.1441855e+02   9.2400725e+01
   1.8402018e+02   5.2771023e+01
   1.7404175e+02   1.3191167e+02
   1.8964847e+02   8.2242435e+01
   1.5372221e+02   1.3992602e+02
   7.2146263e+01   1.6642579e+02
   9.0172076e+01   1.1469086e+02
   1.1745227e+02   9.0615776e+01
   1.8766840e+02   4.6449224e+01
   1.7865890e+02   1.5908503e+02
   8.6896628e+01   2.4255580e+01
   8.8921100e+01   3.0650873e+01
   1.1809459e+02   1.1506940e+02
   1.0536525e+02   1.1421985e+02
   1.7014452e+02   1.3080199e+02
   1.6252142e+02   1.7431691e+02
   1.6507383e+02   3.8801593e+01
   5.1518966e+01   7.7712750e+01
   1.7339433e+02   1.6051307e+02
   1.2339455e+02   9.9599048e+01
   7.2499865e+01   1.1588534e+02
   1.3379543e+02   1.1861626e+02
   8.4538782e+01   7.7334445e+01
   9.8517102e+01   1.3834358e+02
   9.1309213e+01   7.2251348e+01
   8.1660146e+01   1.4558651e+02
   1.1618791e+02   1.5141564e+02
   1.5386120e+02   1.1368833e+02
   8.4779651e+01   7.4332452e+01
   1.4229530e+02   7.7549462e+01
   1.2585328e+02   1.6159607e+02
   9.0437456e+01   2.1414224e+01
   1.1695929e+02   6.9894404e+01
   1.4967576e+02   1.6770714e+02
   1.6109481e+02   1.5101943e+02
   1.7874517e+02   8.0417467e+01
   1.2433662e+02   1.6804896e+02
   9.7890788e+01   8.1156098e+01
   7.8552649e+01   1.7723520e+01
   2.6522325e+01   8.8205373e+01
   1.2345136e+02   1.1297426e+02
   1.6102569e+02   1.1921479e+02
   1.2477327e+02   1.4683423e+02
   1.2319378e+02   1.3764851e+02
   5.0282030e+01   1.6655080e+02
   1.5565244e+02   1.5526363e+02
   1.1054991e+02   3.7602118e+01
   1.5461327e+02   1.8160582e+02
   1.4933140e+01   1.8013751e+02
   1.7336226e+02   9.5429157e+01
   1.2079809e+02   3.2752786e+01
   1.4821531e+01   1.3134567e+02
   4.6491626e+01   9.5396296e+01
   1.7778474e+02   4.7779280e+01
   1.2145776e+02   1.3566381e+02
   9.8088181e+01   6.8606201e+01
   5.2183723e+01   8.1328394e+01
   6.3864525e+01   8.9969975e+01
   3.4336085e+01   1.4254889e+02
   5.0298452e+01   1.4798144e+02
   2.4664436e+01   1.2063013e+02
   1.4705923e+02   1.8709482e+01
   8.5173604e+01   1.7776320e+02
   9.4155438e+01   1.4191287e+02
   9.4885499e+01   5.6883139e+01
   1.7314466e+02   7.3771438e+01
   1.5892663e+02   1.7252933e+02
   8.2357112e+01   4.6705772e+01
   4.8071383e+01   1.7484951e+02
   4.1340946e+01   4.7841549e+01
   7.3601553e+01   5.2564834e+01
   1.8836877e+02   1.8336797e+02
   3.2450924e+01   1.7704543e+02
   1.8171231e+02   1.0884985e+02
   6.7756114e+01   2.3047913e+01
   9.5323874e+01   1.7207923e+02
   1.2194982e+02   1.5044563e+02
   5.8536015e+01   1.0101241e+02
   1.8658796e+02   8.1900163e+01
   5.0024815e+01   7.1142552e+01
   1.0761706e+02   8.8180151e+01
   5.1264382e+01   4.4756884e+01
   9.4493237e+01   1.2137704e+01
   4.2681701e+01   3.1243319e+01
   1.4082447e+02   6.3218582e+01
   7.3222052e+01   1.2951488e+02
   1.1070661e+02   1.8523920e+02
   3.8875807e+01   6.4219607e+01
   1.1974058e+02   5.7710300e+01
   4.4718741e+01   2.6447517e+01
   4.8093005e+01   1.8685293e+02
   1.6998912e+02   4.1538559e+01
   3.4850444e+01   5.2524860e+01
   2.0765821e+01   1.7137899e+02
   1.7446347e+02   9.3373178e+01
   1.0171250e+02   4.4770587e+01
   1.1539789e+02   1.0717690e+02
   1.3960623e+02   8.1347643e+01
   9.3670222e+01   9.8010959e+01
   1.0975343e+02   1.8914329e+02
   6.7278033e+01   1.7626315e+02
   7.2197155e+01   7.5445135e+01
   1.5861452e+02   4.1280101e+01
   1.8462608e+02   1.8254423e+01
   5.8982694e+01   7.7911552e+01
   1.8320157e+02   1.6363673e+02
   1.0273145e+02   1.4291854e+02
   1.2562031e+02   1.5277821e+02
   4.3848675e+01   3.6947748e+01
   5.7330990e+01   1.2647212e+02
   9.9346009e+01   2.3589004e+01
   1.0922209e+02   1.3823682e+01
   1.5398914e+02   1.7557898e+01
   5.2683147e+01   1.4132306e+02
   3.5522864e+01   1.3317023e+02
   1.0546030e+02   9.6856602e+01
   5.8022417e+01   7.9728358e+01
   1.7176155e+02   1.8844460e+02
   1.1224495e+02   9.9915612e+01
   5.0591869e+01   1.3323754e+02
   5.9270672e+01   1.0988756e+02
   1.0606986e+02   1.2243216e+02
   9.3053084e+01   1.7259840e+02
   5.0487074e+01   8.0463772e+01
   4.5694951e+01   1.8563091e+02
   1.7376381e+02   1.8026319e+02
   4.1916184e+01   1.8842624e+01
   7.0815146e+01   1.1653068e+02
   6.4475335e+01   1.4446374e+01
   5.6076848e+01   1.3612994e+02
   1.3418350e+02   1.2863011e+02
   1.8071855e+02   1.1071781e+02
   9.1783283e+01   3.2809081e+01
   4.2503533e+01   6.4129773e+01
   1.5767954e+02   1.4837311e+02
   3.1894831e+01   1.2495622e+02
   1.6605715e+02   1.4586084e+02
   5.2829957e+01   1.5285748e+02
