   4.5139003e+01   7.3790651e+01
   9.5817838e+01   4.6261541e+01
   4.9751884e+01   4.2512635e+01
   5.9276349e+01   1.6007428e+02
   1.2992918e+02   1.8784787e+02
   1.8052545e+02   1.3411442e+02
   1.8881867e+02   3.1578683e+01
   1.2397562e+02   1.7579165e+01
   6.0691012e+01   5.3688559e+01
   3.8315425e+01   1.4453352e+02
   3.0391998e+01   1.3666740e+02
   6.4410230e+01   2.9579572e+01
   2.3260522e+01   1.4796809e+02
   1.0041084e+02   2.0668957e+01
   1.1691006e+01   1.6570642e+02
   1.4107497e+01   1.3519000e+02
   1.8889270e+02   1.0444899e+02
   6.3154258e+01   7.6847813e+01
   1.5987241e+02   1.8816008e+02
   1.7618796e+02   7.1601462e+01
   4.9044764e+01   1.0449225e+02
   1.5527584e+02   1.7459851e+02
   5.0766002e+01   9.5999037e+01
   4.1693668e+01   1.1555775e+02
   1.7172415e+02   1.1573919e+01
   1.1794043e+01   1.8145314e+02
   2.9309801e+01   1.1078038e+02
   1.6188813e+02   1.3162460e+02
   1.0834993e+02   8.0417879e+01
   6.4929759e+01   4.2791998e+01
   1.1759557e+02   3.7096942e+01
   1.2426712e+02   9.9429340e+01
   1.6603490e+02   1.8973087e+02
   1.2427637e+02   1.7318002e+02
   1.8388622e+02   1.3890884e+02
   4.5419549e+01   4.0300216e+01
   1.5539081e+02   8.9551837e+01
   7.0695056e+01   1.4231100e+02
   8.8876521e+01   7.7834337e+01
   6.2705408e+01   6.8359626e+01
   1.8513054e+01   1.8103737e+02
   2.3191720e+01   3.1192270e+01
   2.0036884e+01   1.7088431e+02
   1.4208146e+02   1.3449445e+02
   9.6356748e+01   1.5962476e+02
   3.4963874e+01   2.2456495e+01
   7.3496981e+01   1.3179744e+01
   1.6378983e+02   8.3075258e+01
   1.7324574e+02   7.6746739e+01
   3.9327950e+01   7.2320366e+01
   1.6284633e+02   1.8979695e+01
   7.0792325e+01   8.6141859e+01
   1.7126208e+02   2.7450802e+01
   8.8306973e+01   1.4249000e+02
   1.6236049e+02   4.2302835e+01
   7.2074928e+01   1.6303270e+02
   1.8852027e+02   5.1209401e+01
   1.6720209e+02   1.3426666e+02
   4.7169602e+01   3.7169451e+01
   1.7289005e+02   1.1904302e+02
   6.3855684e+01   5.2635829e+01
   1.3552731e+01   1.8590886e+02
   1.1980360e+02   1.5391520e+02
   5.1048017e+01   1.5505202e+02
   8.1418807e+01   1.4888523e+02
   1.6673708e+02   1.8233750e+02
   7.6570692e+01   7.8511685e+01
   1.4494891e+02   1.8303888e+02
   1.4010421e+02   1.2228724e+02
   1.5785199e+02   1.5101005e+01
   3.2794061e+01   9.2202335e+01
   1.2963596e+02   1.0510571e+02
   5.1367426e+01   1.5237946e+02
   4.4143681e+01   7.6065691e+01
   9.5907910e+01   1.5048124e+02
   2.6141710e+01   7.9181441e+01
   8.2053177e+01   7.9967976e+01
   1.8908730e+02   1.2554378e+02
   6.2377053e+01   1.1057854e+02
   7.3128513e+01   5.7646619e+01
   7.8034684e+01   1.6987607e+02
   6.4889651e+01   1.5731527e+02
   1.4604253e+02   6.5398892e+01
   1.6347559e+02   1.5228831e+02
   1.9624698e+01   1.1573993e+02
   1.0267543e+02   5.1227129e+01
   1.1044098e+02   1.8227040e+02
   5.7435313e+01   1.1871627e+02
   1.7817775e+02   1.3348190e+02
   3.6999932e+01   9.0947290e+01
   1.6536151e+02   1.4395553e+02
   8.5833224e+01   1.4803934e+02
   8.2480642e+01   9.8572683e+01
   1.1000098e+02   4.8292258e+01
   1.8461347e+02   1.6177107e+02
   1.6113479e+02   1.7910307e+02
   1.0706780e+02   6.8704270e+01
   5.8032614e+01   2.8482345e+01
   4.4133718e+01   2.6769647e+01
   1.5505372e+02   1.5739821e+02
   3.1941601e+01   1.1587998e+02
   4.3185960e+01   3.6100245e+01
   4.8586849e+01   6.9567350e+01
   1.3972028e+02   1.1825534e+02
   1.7713732e+02   7.9574381e+01
   1.8686665e+02   4.8506137e+01
   3.9067255e+01   1.0632353e+02
   1.5239087e+02   7.6222079e+01
   9.7402633e+01   5.0914948e+01
   1.7261914e+02   1.8287071e+02
   5.5136572e+01   1.8175957e+02
   1.4828828e+02   1.0149091e+02
   1.3748941e+02   6.0937932e+01
   7.7662564e+01   9.9955941e+01
   1.2098297e+02   7.6864427e+01
   5.0142254e+01   1.3032096e+02
   3.9687887e+01   1.8177181e+02
   1.3919074e+02   8.3950018e+01
   1.2686186e+02   5.5641633e+01
   2.4593834e+01   1.0329213e+02
   4.5981685e+01   1.2486051e+02
   4.7489491e+01   8.2886483e+01
   1.0395704e+02   9.2644831e+01
   1.6558519e+02   6.5842563e+01
   4.6845580e+01   1.8747076e+02
   5.9957479e+01   3.0033631e+01
   8.4441954e+01   9.6720842e+01
   1.2776358e+02   1.1441663e+02
   8.9157164e+01   8.8504643e+01
   9.6239680e+01   3.4699947e+01
   1.5824686e+02   1.6855777e+02
   1.4200489e+02   1.2523594e+02
   4.9219859e+01   1.6793398e+02
   1.7940665e+02   1.8672350e+02
   3.5616014e+01   1.2136383e+02
   1.4271775e+02   1.1224911e+02
   1.6149549e+01   1.5381013e+02
   1.3455701e+02   6.2163857e+01
   1.6894447e+02   1.0417050e+01
   2.1447055e+01   1.9535720e+01
   5.8740750e+01   1.5966863e+01
   1.5976619e+02   1.4412179e+02
   4.2712222e+01   7.9235355e+01
   1.8063681e+02   1.2290062e+02
   2.6639481e+01   5.2824084e+01
   3.7503709e+01   1.4021854e+02
   1.8809694e+02   8.7856018e+01
   9.6572543e+01   1.1628298e+02
   2.6673844e+01   3.5857267e+01
   1.4271474e+02   1.2071526e+02
   9.9501328e+01   5.3942407e+01
   2.0865926e+01   1.3792177e+02
   1.5374247e+01   9.2227568e+01
   1.9478550e+01   1.6662686e+01
   7.6781770e+01   1.6289319e+02
   1.5178924e+02   4.7432028e+01
   1.8118703e+02   6.7050503e+01
   8.0309721e+01   1.5572284e+02
   1.0967013e+02   1.7835655e+02
   4.8516412e+01   1.5687246e+02
   6.9578417e+01   6.1920747e+01
   1.1662422e+02   3.1526766e+01
   1.4895519e+02   1.8142312e+02
   8.3757324e+01   2.7675640e+01
   1.3309375e+02   1.2091199e+02
   1.0189530e+02   6.6413478e+01
   1.0527218e+02   6.1864135e+01
   7.5186842e+01   1.8953527e+02
   8.6877031e+01   5.6508116e+01
   1.1033581e+02   1.2754266e+02
   1.1831468e+02   1.2208764e+02
   2.9638093e+01   1.7001377e+02
   6.5813703e+01   1.8051023e+02
   1.5692183e+02   8.2324437e+01
   1.5696042e+02   1.8299884e+02
   1.3727248e+02   1.5720943e+01
   1.7673944e+02   8.2535146e+01
   4.3065755e+01   5.3823866e+01
   1.6220374e+02   9.3567984e+01
   1.4905719e+02   2.3860914e+01
   1.4550608e+02   1.8967634e+02
   5.7733425e+01   6.2522478e+01
   1.4163653e+02   5.0617955e+01
   3.7873013e+01   1.3404004e+02
   1.1649656e+02   1.4560974e+02
   7.7561909e+01   1.8485048e+02
   5.6942852e+01   1.8756354e+02
   1.7873624e+02   1.3042924e+02
   2.5818681e+01   1.1671920e+01
   1.4287306e+02   1.6379057e+02
   1.5522591e+01   6.0552408e+01
   1.9966017e+01   1.1102309e+02
   1.0076668e+02   1.8940983e+02
   5.0819950e+01   1.1943500e+02
   6.4694858e+01   7.1609747e+01
   1.1747924e+01   1.8980726e+02
   1.6963796e+02   1.0837056e+02
   1.7538757e+01   1.6251426e+02
   4.4559151e+01   1.2121932e+01
   8.9830610e+01   1.5229070e+02
   1.7406971e+02   1.8784873e+02
   5.6968233e+01   1.2535256e+02
   6.6771457e+01   1.8552865e+02
   2.6723078e+01   1.8643738e+02
   1.0531583e+02   1.2889460e+02
   1.3839828e+02   1.5172296e+02
   3.0847094e+01   1.0410808e+02
   6.3521641e+01   1.6449738e+02
   1.2326960e+01   2.7629350e+01
   2.6863097e+01   1.5705967e+02
   1.2663207e+02   9.3336460e+01
   8.9547687e+01   2.9074904e+01
   1.1648910e+02   4.1294797e+01
   1.7864476e+01   5.6884986e+01
   1.1923011e+02   1.0428334e+02
   1.2622190e+02   1.6850905e+01
   8.6554075e+01   1.8070179e+02
   8.9780080e+01   3.9655139e+01
   4.0830052e+01   1.0279500e+02
   8.0549675e+01   1.7783301e+02
   1.7668011e+02   1.4705344e+02
   8.9637903e+01   5.1297595e+01
   1.6195218e+02   1.1108969e+02
   1.3989226e+02   3.7686846e+01
   1.0090149e+02   1.0106028e+02
   1.2593669e+02   2.2874985e+01
   1.6755826e+02   1.6613772e+02
   1.2619006e+02   6.5476416e+01
   4.6193238e+01   1.4105581e+02
   3.5499258e+01   9.4848939e+01
   1.1806970e+01   7.1444663e+01
   1.5868328e+02   4.7425039e+01
   1.0402247e+02   1.1066736e+02
   3.4252172e+01   8.5519625e+01
   1.8069758e+02   1.7923488e+02
   1.2482559e+02   1.8284511e+02
   1.0566077e+02   1.0206884e+02
   3.1742579e+01   1.2956144e+02
   1.0412445e+02   8.2536135e+01
   1.2523579e+02   5.9562420e+01
   1.3877844e+02   5.1852784e+01
   1.2795392e+02   2.7228102e+01
   7.2021223e+01   1.6981877e+01
   1.6047053e+02   1.2644690e+02
   1.0763401e+01   1.2188166e+02
   4.1304055e+01   4.3551979e+01
   2.6360392e+01   6.9181993e+01
   1.2976715e+02   9.7137886e+01
   1.3219225e+02   1.2983019e+02
   1.4003048e+02   6.0622197e+01
   6.8329684e+01   9.4690138e+01
   1.1696666e+02   1.5395730e+02
   1.5754086e+02   2.1832396e+01
   4.7223632e+01   1.5390396e+01
   1.4745627e+02   2.1122914e+01
   1.1965127e+02   1.3409625e+02
   1.7614984e+02   4.0433204e+01
   1.8081226e+02   1.3785547e+02
   1.3443922e+02   8.2020990e+01
   5.7350514e+01   8.1888670e+01
   1.4923401e+02   8.9970824e+01
   1.6006953e+02   3.8376237e+01
   1.0407676e+01   8.2877820e+01
   1.4153529e+02   1.0346397e+02
   1.6127406e+02   1.5936118e+02
   1.2636005e+02   3.8141402e+01
   3.7443988e+01   6.8478795e+01
   1.3731070e+02   9.2775671e+01
   7.5693610e+01   1.3608044e+02
   1.3790301e+02   6.9301006e+01
   5.3019422e+01   1.4224744e+02
   7.2499985e+01   4.2018916e+01
   2.3967524e+01   1.8959200e+02
   1.4355876e+01   6.4945562e+01
   3.3617743e+01   9.8703320e+01
   8.4458814e+01   1.7211122e+02
   1.6907820e+02   1.1236521e+02
   1.0415902e+01   1.3351953e+02
   4.6751327e+01   1.7513649e+02
   1.8811618e+02   1.7306191e+02
   6.2353500e+01   1.8274813e+02
   9.4192221e+01   1.1379517e+02
   6.9142107e+01   1.7198152e+02
   9.3450783e+01   3.0286917e+01
   1.7875606e+01   8.8148241e+01
   5.6547139e+01   3.6462060e+01
   1.7854245e+02   1.4520643e+02
   1.4135508e+02   6.8867187e+01
   5.7803551e+01   2.4788784e+01
   1.8252963e+02   7.9802077e+01
   1.4440120e+02   3.8940420e+01
   1.8728314e+02   1.8181307e+02
   4.6313060e+01   1.2130356e+02
   1.1131217e+02   5.8541594e+01
   5.9455137e+01   1.3524607e+02
   1.4667696e+02   6.2555273e+01
   4.3535179e+01   1.4938298e+02
   1.5632422e+02   1.0702352e+02
   1.0452660e+02   1.6546512e+02
   3.6998003e+01   1.3214751e+01
   1.1363269e+02   1.5975839e+02
   1.0701659e+02   1.8436779e+02
   1.4023884e+02   1.3276623e+02
   5.1435247e+01   1.7151107e+02
   9.7086823e+01   1.0813745e+02
   5.4473991e+01   1.2876452e+01
   1.3806722e+02   1.2982278e+02
   1.0575084e+02   1.8013236e+02
   6.6624624e+01   6.6318048e+01
   1.0435464e+02   5.7684499e+01
   7.9406204e+01   9.4310023e+01
   8.4198378e+01   1.3368083e+02
   1.2678192e+02   1.5237175e+02
   1.5048537e+02   1.7459866e+01
   5.0141550e+01   1.4119902e+02
   1.5850325e+02   4.1807124e+01
   1.5066313e+02   5.6192567e+01
   1.2510169e+02   3.2210054e+01
   8.8025940e+01   4.6772319e+01
   7.2357216e+01   4.7933215e+01
   9.7459501e+01   2.8950407e+01
   5.5737382e+01   5.1779448e+01
   1.6175001e+02   1.1413571e+02
   1.7377942e+02   4.7412143e+01
   1.7052872e+02   1.5718680e+02
   4.4928453e+01   3.3481978e+01
   7.8419283e+01   1.1930061e+02
   8.1332895e+01   1.4125292e+02
   7.6609857e+01   1.5610745e+01
   1.0058203e+02   1.4841282e+02
   5.7603806e+01   1.4553603e+02
   9.5416958e+01   3.7695102e+01
   1.8066713e+02   2.1138980e+01
   1.1628239e+02   9.5365588e+01
   7.7273466e+01   6.8850965e+01
   1.2934638e+02   1.0133380e+02
   1.4391908e+02   2.8320213e+01
   1.1557640e+02   8.7188122e+01
   1.3218994e+02   3.8222986e+01
   5.3715867e+01   1.0419169e+02
   1.6289537e+02   5.4656482e+01
   1.2939414e+02   6.6808272e+01
   8.5135197e+01   1.0919939e+02
   8.5244242e+01   3.8094123e+01
   1.1859853e+02   1.1736539e+01
   1.2962779e+02   1.2294023e+02
   7.4394584e+01   1.0600604e+02
   1.4600897e+01   1.6298141e+02
   1.4730050e+02   1.4049319e+02
   5.4794121e+01   5.5311408e+01
   1.3436494e+02   1.0256143e+02
   8.8986466e+01   1.1071659e+02
   1.4640038e+02   1.7573655e+02
   1.2824014e+02   1.8555797e+02
   5.6629360e+01   1.5819004e+02
   1.4667666e+02   1.4352508e+02
   3.4614492e+01   3.6661972e+01
   1.8855879e+02   1.2251213e+02
   1.1533632e+02   1.7447280e+02
   6.0793611e+01   1.2913629e+02
   4.1197751e+01   3.0915023e+01
   1.7015534e+02   1.7788309e+01
   9.5229536e+01   8.1478766e+01
   1.6891771e+02   4.4286922e+01
   3.3587575e+01   7.4762293e+01
   6.0871699e+01   7.5824670e+01
   1.5292548e+01   5.5154282e+01
   1.1721367e+02   5.5350070e+01
   1.4146566e+02   8.5702627e+01
   3.9895120e+01   5.3133061e+01
   1.8438394e+01   6.0354381e+01
   8.8639650e+01   1.4630036e+02
   2.0767994e+01   8.7175267e+01
   6.0560593e+01   1.5344555e+02
   1.1325272e+02   2.3062191e+01
   3.2048123e+01   1.4984246e+02
   3.8322602e+01   1.3142938e+02
   1.3455951e+02   3.2679640e+01
   1.0828358e+02   1.4049161e+02
   1.2415526e+02   1.4720115e+02
   5.6943590e+01   1.9002047e+01
   1.4486343e+01   1.0436413e+02
   5.2598852e+01   1.2684236e+02
   5.9913447e+01   8.3580171e+01
   1.8725513e+02   3.3802472e+01
   4.8817449e+01   8.6723293e+01
   1.9292179e+01   3.1069524e+01
   1.4248829e+02   1.3382826e+01
   3.9545299e+01   1.2454748e+02
   5.3626869e+01   2.7391758e+01
   8.9078337e+01   1.6050125e+02
   7.9284993e+01   1.3291314e+02
   1.4030155e+02   1.8834256e+02
   3.4578607e+01   7.7566531e+01
   8.1539953e+01   3.5318868e+01
   2.0196656e+01   1.2178227e+02
   1.5131294e+02   6.0749236e+01
   1.7681624e+02   1.7514345e+02
   1.4187123e+02   3.1457386e+01
   2.2829225e+01   1.3494186e+01
   2.3656028e+01   6.7385035e+01
   1.4152158e+01   1.4223092e+02
   4.8845841e+01   6.1072019e+01
   1.1333056e+01   8.8762449e+01
   1.2511948e+02   8.3818257e+01
   4.4601962e+01   5.8393595e+01
   9.2712230e+01   1.6998575e+02
   1.4237320e+02   1.3751797e+02
   1.4316108e+02   4.5462702e+01
   1.7816698e+02   1.0993445e+02
   1.4992148e+02   7.9480404e+01
   3.7117496e+01   1.4934979e+02
   1.3614453e+02   1.8977991e+02
   8.3549750e+01   1.2413350e+02
   1.3568335e+02   3.8192948e+01
   1.8661138e+02   1.5586434e+02
   1.7751257e+02   1.0428689e+02
   1.7684379e+02   1.7873095e+02
   1.5275773e+02   1.8950157e+02
   8.0624864e+01   8.8369334e+01
   8.1131829e+01   4.1832974e+01
   9.2202071e+01   1.5044632e+02
   1.8523225e+01   6.8465663e+01
   7.8903155e+01   6.1334440e+01
   3.3106309e+01   7.0408567e+01
   1.8372527e+01   1.5717828e+02
   1.6552708e+02   1.1293914e+02
   1.4176641e+02   2.3704227e+01
   1.3761017e+02   7.2411026e+01
   7.2954030e+01   1.3730009e+02
   1.3194264e+02   8.4198677e+01
   4.8119852e+01   4.8536421e+01
   1.5160240e+02   1.4405594e+02
   1.7417029e+02   1.0276372e+02
   1.3160105e+02   1.5834704e+02
   9.7767084e+01   1.7001292e+02
   1.1139837e+02   1.5000499e+02
   8.5913116e+01   1.5682994e+02
   1.3991824e+02   6.6127022e+01
   1.5226276e+02   1.0272981e+02
   6.9830855e+01   1.5421821e+02
   7.9840477e+01   3.9267634e+01
   1.8476966e+02   1.1755223e+02
   3.0858432e+01   4.0396447e+01
   1.4334538e+02   7.7755633e+01
   2.8012587e+01   1.3580432e+02
   1.3394264e+02   1.8446260e+02
   1.6934935e+02   1.0347024e+02
   1.1421338e+02   5.2139442e+01
   1.0673128e+02   4.5372642e+01
   1.6966854e+02   3.8156235e+01
   8.3798674e+01   5.7410440e+01
   1.6447158e+02   1.7373962e+02
   1.4663942e+02   1.6185059e+02
   1.1592509e+02   7.8094930e+01
   1.7384696e+02   1.6917686e+02
   1.2570805e+02   7.4713100e+01
   2.6404460e+01   6.3507170e+01
   6.3219177e+01   1.0000870e+01
   5.5032409e+01   9.1354087e+01
   7.5578431e+01   7.1833188e+01
   1.8347632e+02   1.6505274e+01
   1.2840969e+02   4.6300160e+01
   8.8508560e+01   1.0675099e+02
   7.1199094e+01   1.2849583e+02
   8.5248901e+01   7.5473394e+01
   1.1705278e+02   1.3033475e+02
   1.1489383e+02   7.3310647e+01
   1.0004104e+02   1.1853427e+02
   1.5517542e+02   1.8803373e+02
   7.3359564e+01   1.8701797e+02
   2.3308664e+01   1.1552198e+02
   1.5327349e+02   5.8071999e+01
   4.6593704e+01   1.3825221e+02
   9.8379470e+01   4.6756647e+01
   1.7000131e+01   4.4817929e+01
   1.1701747e+02   1.0872321e+02
   4.8040568e+01   5.4499154e+01
   9.7862872e+01   1.4808290e+02
   9.4895808e+01   1.1931072e+02
   9.9104500e+01   1.7735638e+02
   2.9999414e+01   7.7145171e+01
   1.7421674e+02   3.5512581e+01
   7.7832203e+01   2.6695861e+01
   8.6783597e+01   8.8181988e+01
   3.7591362e+01   1.1981950e+02
   1.7324672e+02   9.0121778e+01
   1.1464003e+02   1.2465048e+02
   1.2433216e+02   1.5520369e+02
   1.1042128e+02   1.7537569e+02
   5.4371865e+01   1.0435128e+01
   1.4483502e+02   1.4625776e+02
   9.8126913e+01   1.2517866e+02
   4.4458962e+01   1.5443599e+02
   1.0470140e+02   1.3332406e+02
   1.7383732e+02   1.4437139e+02
   1.2114794e+02   5.0633816e+01
   1.5069417e+02   7.2644986e+01
   9.5419314e+01   1.4572097e+01
   1.7583788e+01   7.6306784e+01
   1.1078300e+02   1.4082146e+02
   1.4165197e+02   1.2879828e+02
   1.0386330e+02   1.6106386e+02
   1.1647926e+02   6.2012545e+01
   1.2377223e+02   1.3955483e+02
   1.2042163e+02   1.6593500e+02
   9.7023207e+01   5.6895320e+01
   1.8178832e+02   1.4556852e+02
   3.8015395e+01   5.8147139e+01
   1.6673211e+02   1.2174179e+02
   1.7903489e+02   8.9461861e+01
   2.0604574e+01   1.4495417e+02
   1.2058058e+02   1.0162617e+02
   2.8114465e+01   8.6267990e+01
   1.2110992e+02   3.3423837e+01
   1.4084767e+02   2.0673000e+01
   2.9873773e+01   8.1124626e+01
   9.3871886e+01   1.9280620e+01
   1.6321877e+02   8.9586604e+01
   1.5058634e+02   5.2919868e+01
   4.1780706e+01   1.0613092e+02
   5.5775469e+01   1.7338612e+02
   1.6718994e+02   2.3036219e+01
   1.5574561e+02   1.5120338e+02
   1.6292187e+02   1.2040671e+02
   1.0082257e+02   4.9132766e+01
   1.3559229e+02   2.5536413e+01
   5.2081525e+01   1.0114441e+02
   1.3336350e+02   1.6015165e+02
   4.2615472e+01   1.7281525e+02
   4.3852364e+01   1.5911401e+02
   2.3534363e+01   1.6998480e+02
   1.6433047e+02   7.1662608e+01
   6.5819645e+01   1.7040960e+02
   7.0869332e+01   1.0996902e+02
   1.3883769e+02   1.0426188e+02
   8.8776023e+01   1.9029264e+01
   1.0895240e+02   1.7338267e+02
   1.3969758e+02   1.8342845e+02
   1.0152831e+02   6.9662853e+01
   1.8364926e+02   7.0937454e+01
   1.7834358e+01   8.3921658e+01
   4.9089259e+01   1.6104377e+02
   1.1799373e+01   6.7680105e+01
   4.6096627e+01   1.2917655e+02
   1.8494311e+02   1.3429667e+02
   1.8814036e+02   1.4381256e+02
   1.6089561e+02   7.0627301e+01
   1.8109401e+02   1.5237731e+02
   3.8090028e+01   4.6858466e+01
   5.5501199e+01   8.8141662e+01
   7.5325561e+01   8.1560772e+01
   1.5150807e+02   1.0606698e+02
   6.5304659e+01   4.9001894e+01
   1.5377698e+02   1.4876955e+02
   1.6403412e+02   1.6859895e+02
   6.7136523e+01   1.6030984e+02
   1.4417190e+02   5.4397602e+01
   1.8198580e+02   1.2090638e+02
   1.7672677e+02   1.5400700e+02
   6.5055851e+01   1.2002799e+02
   6.7677099e+01   1.5107513e+02
   1.8884436e+02   1.2120317e+01
   1.5897435e+02   9.5477351e+01
   1.8271917e+02   1.6905750e+02
   1.7913725e+02   4.2116875e+01
   8.4858432e+01   1.7471167e+02
   6.2385042e+01   6.1047437e+01
   6.9260895e+01   3.5107629e+01
   4.8611931e+01   3.1453501e+01
   1.2471214e+02   1.4292133e+02
   1.0388294e+01   1.1496462e+02
   4.4502794e+01   1.6901131e+02
   5.6500098e+01   1.4944586e+02
   1.0418417e+01   5.9971737e+01
   1.7792385e+02   1.1679853e+02
   1.7858477e+02   5.5472328e+01
   1.6749159e+02   7.5518687e+01
   3.0642606e+01   6.1510619e+01
   6.7233070e+01   1.3693785e+02
   1.1110728e+02   1.1227554e+02
   1.2639023e+02   1.6526453e+02
   8.7074113e+01   2.3596357e+01
   1.3022032e+02   1.1803341e+02
   1.0563182e+02   1.3974600e+02
   7.8896564e+01   1.2632457e+02
   1.3433685e+02   8.6694157e+01
   5.3694017e+01   2.2209201e+01
   4.5177992e+01   1.0466051e+02
   9.8492354e+01   1.3058732e+02
   1.8849844e+02   9.1878112e+01
   1.2836180e+01   4.4240964e+01
   1.6750985e+02   1.2403359e+02
   1.1026009e+02   6.2594262e+01
   2.3427465e+01   1.3927753e+02
   1.2115026e+02   1.0987386e+01
   8.6760597e+01   6.9851422e+01
   8.0465793e+01   3.0139654e+01
   5.1543738e+01   1.0488086e+01
   1.3331461e+02   5.4739157e+01
   1.5200449e+02   1.1568722e+02
   1.1982335e+02   1.8639532e+02
   1.2802313e+02   3.2471041e+01
   1.4312320e+02   1.7160229e+02
   7.8226060e+01   1.2994618e+02
   3.3538690e+01   1.4530343e+02
   1.3741406e+02   4.4365660e+01
   4.8178330e+01   9.2072501e+01
   1.5316027e+02   9.2468848e+01
   1.7489424e+02   1.2908716e+02
   1.1745983e+02   1.0209916e+02
   8.8727287e+01   1.8407214e+02
   1.1970088e+02   5.2510690e+01
   1.2695805e+02   1.6804114e+02
   1.0849737e+02   3.7486190e+01
   6.8574576e+01   1.6613583e+02
   1.2377195e+02   1.5828671e+02
   1.4566932e+02   1.0182566e+02
   6.4347607e+01   8.7270472e+01
   1.8323984e+02   1.0198188e+02
   1.6825272e+02   9.8134619e+01
   5.7522704e+01   1.5246268e+02
   1.4412099e+02   1.7493751e+02
   1.3650290e+02   1.2517821e+02
   1.2430162e+02   1.1182828e+02
   1.8566325e+02   1.3144540e+02
   1.5328739e+02   1.7078341e+02
   8.4039599e+01   2.5023269e+01
   9.1164787e+01   3.7493491e+01
   1.8507071e+01   1.9135256e+01
   1.6517960e+02   2.8430609e+01
   6.8399501e+01   7.7586366e+01
   7.2888053e+01   6.2535421e+01
   1.2148564e+02   1.8880784e+02
   5.6261515e+01   7.3789120e+01
   1.0781213e+02   2.4812013e+01
   8.0309754e+01   7.5991245e+01
   1.0080416e+02   9.4382207e+01
   9.8575431e+01   1.8200298e+02
   5.0159406e+01   1.2197860e+02
   1.6533825e+02   1.4108605e+02
   1.8979706e+02   1.5159310e+02
   5.0504573e+01   1.8875996e+02
   4.6816967e+01   1.4626005e+02
   1.7528705e+02   1.2471926e+02
   1.8177523e+02   8.7322182e+01
   1.6117538e+01   5.0305342e+01
   1.6470725e+02   1.3803683e+02
   6.9432401e+01   1.6173337e+02
   4.1990098e+01   2.1504108e+01
   1.5299603e+02   1.8378811e+02
   3.8678780e+01   8.3171598e+01
   1.8442649e+02   1.2735675e+02
   1.3142673e+02   1.6877784e+02
   5.4515489e+01   3.9360625e+01
   1.8635557e+01   1.5013210e+02
   9.4390156e+01   1.1062003e+02
   1.2972608e+02   1.0746984e+02
   4.4592147e+01   1.4404869e+02
   6.3394650e+01   9.6797814e+01
   5.4847851e+01   3.2481756e+01
   2.4974871e+01   1.2589742e+02
   1.3271054e+02   1.6971043e+01
   1.8027098e+02   1.0971651e+01
   1.4900673e+02   1.6949223e+02
   8.6346520e+01   1.2582712e+02
   1.1035619e+02   1.6622720e+02
   1.4832231e+02   1.5355273e+02
   1.8400404e+01   1.8703635e+02
   1.2895904e+02   1.4164901e+02
   2.9278642e+01   1.0834090e+02
   9.5807458e+01   9.0430141e+01
   7.4562353e+01   1.5488064e+02
   6.3583338e+01   1.8924288e+02
   7.3830364e+01   1.1850181e+02
   9.8035671e+01   7.6176205e+01
   1.8555666e+02   5.6693893e+01
   1.7362563e+02   2.2983047e+01
   1.5723901e+02   1.3524469e+02
   1.8902819e+02   7.1765060e+01
   1.4138702e+01   8.5520058e+01
   1.4501648e+02   4.9333803e+01
   1.4628521e+02   4.7000234e+01
   1.1578253e+02   1.6270502e+02
   9.4883176e+01   1.7381568e+02
   1.5734398e+02   1.4726226e+02
   1.7401595e+02   1.7469774e+02
   1.8446491e+02   6.2400490e+01
   1.6671599e+02   1.7031874e+02
   5.9723457e+01   2.0369202e+01
   8.3238441e+01   1.1695597e+02
   6.9815241e+01   1.6887144e+02
   1.2986841e+02   1.7659715e+02
   1.3994390e+02   3.4342831e+01
   1.4787283e+02   1.2877912e+02
   1.6415454e+02   1.5828986e+02
   3.4776979e+01   1.7943835e+02
   7.2737683e+01   2.1502958e+01
   2.3663228e+01   4.5154900e+01
   1.6677900e+02   1.3675037e+01
   2.1238789e+01   1.7396107e+02
   4.0805095e+01   3.6124294e+01
   1.7988570e+02   1.4030900e+02
   1.5851545e+02   1.7554336e+01
   1.7300213e+02   5.2584471e+01
   5.3852021e+01   5.0105809e+01
   1.2961228e+02   2.2335425e+01
   2.2655729e+01   1.8535232e+02
   3.1256520e+01   1.7305640e+02
   8.5844379e+01   7.2231447e+01
   1.0597821e+02   1.5407145e+02
   2.8307095e+01   8.2868391e+01
   1.6612781e+02   8.5727154e+01
   1.5530258e+02   3.1445419e+01
   9.4653297e+01   5.0937942e+01
   1.4549852e+02   6.8309069e+01
   7.1333247e+01   1.2009969e+02
   1.2051259e+02   1.9042877e+01
   6.7783103e+01   4.7426728e+01
   1.8106650e+02   4.6844035e+01
   7.5399811e+01   8.9291309e+01
   3.2811811e+01   6.4885296e+01
   1.5682225e+02   9.9439871e+01
   7.4886893e+01   9.6494682e+01
   8.5354343e+01   6.5440580e+01
   7.4945573e+01   5.1802825e+01
   1.3402265e+02   1.1031481e+02
   1.5242576e+02   2.0977250e+01
   1.3792279e+02   1.7474393e+02
   1.0042009e+02   1.6422743e+02
   4.6351866e+01   7.1194536e+01
   4.4227886e+01   8.8889212e+01
   8.8539022e+01   1.6795824e+02
   1.4379037e+02   8.9309669e+01
   1.5938053e+01   1.8125486e+02
   1.7614630e+02   1.5758974e+02
   5.9191639e+01   4.8121677e+01
   6.1168275e+01   1.8606925e+02
   1.8443587e+02   4.1313479e+01
   2.2161529e+01   1.0980911e+02
   1.1927529e+02   7.2594374e+01
   1.6902603e+02   1.6337525e+02
   4.6269021e+01   1.7912823e+02
   1.6071946e+02   1.0180359e+02
   1.8783319e+02   1.0134046e+02
   3.9709794e+01   7.6833959e+01
   1.3397511e+02   4.1428725e+01
   1.0104202e+02   4.4312569e+01
   5.4203718e+01   1.3246540e+02
   6.5266501e+01   1.0902220e+02
   1.8543153e+02   1.4083362e+02
   1.2828681e+02   1.4794717e+02
   9.6089983e+01   1.8027592e+02
   8.3447018e+01   1.8087202e+02
   9.3684469e+01   2.3132733e+01
   9.6061877e+01   1.6935503e+01
   1.1114547e+02   1.3414388e+02
   2.5275871e+01   1.5136078e+02
   1.8539862e+02   3.0234264e+01
   8.4893513e+01   1.5338040e+02
   8.7660438e+01   1.3187258e+02
   1.4228827e+02   1.7944948e+01
   9.9522703e+01   1.0603327e+02
   9.9068233e+01   1.5501323e+02
   1.8150756e+02   8.2099847e+01
   7.1895917e+01   9.9931670e+01
   1.0189535e+02   5.9536402e+01
   1.6879245e+02   9.3906347e+01
   3.2654301e+01   1.1010114e+02
   6.9562461e+01   9.0597895e+01
   1.0956782e+02   1.6361845e+02
   1.4572770e+02   1.7907003e+02
   5.2555917e+01   6.5979138e+01
   1.7850581e+02   1.6973549e+02
   1.3571119e+02   7.9491801e+01
   1.1402699e+02   5.8462033e+01
   1.5338748e+01   2.1942513e+01
   1.7039057e+02   8.3456584e+01
   3.7639349e+01   3.0201957e+01
   1.5812536e+01   1.3680160e+02
   1.5923062e+02   1.3276459e+02
   5.3963223e+01   4.7460780e+01
   1.7002992e+02   7.9626246e+01
   7.7726145e+01   3.3609778e+01
   4.7132354e+01   9.8195424e+01
   1.7242182e+02   1.1214125e+02
   2.0474135e+01   9.0847620e+01
   1.2583644e+02   1.3377881e+02
   1.9469078e+01   8.0385038e+01
   2.3827354e+01   5.5211911e+01
   1.1090416e+01   1.5355345e+02
   3.2173481e+01   1.9555070e+01
   6.9711189e+01   1.5860819e+02
   6.0322081e+01   4.5105122e+01
   1.1772803e+02   8.6101139e+01
   4.2555457e+01   1.4389458e+01
   1.6830413e+02   8.9864521e+01
   7.9749575e+01   1.2206110e+02
   1.5470450e+02   1.1851500e+02
   1.3184581e+02   7.3076777e+01
   1.4885116e+02   7.7303101e+01
   1.6131900e+02   1.6709570e+02
   8.4241434e+01   4.9121504e+01
   1.5119505e+02   3.3777128e+01
   3.0778807e+01   1.6952145e+01
   1.5900987e+02   1.5319738e+02
   1.8803712e+01   1.8368979e+02
   1.1538294e+02   3.4739788e+01
   4.1709923e+01   1.0897671e+02
   1.4891022e+02   3.0351028e+01
   9.8469736e+01   6.8607377e+01
   2.3155451e+01   2.3139576e+01
   8.6977244e+01   5.0623353e+01
   2.0549174e+01   1.3255830e+02
   6.5116478e+01   3.2295054e+01
   1.1755619e+02   1.4882511e+02
   8.6541667e+01   8.5491599e+01
   1.1457274e+02   1.6529153e+02
   1.0207915e+02   1.5196123e+02
   1.8256658e+02   1.2546790e+02
   1.3976795e+02   1.3741802e+02
   9.7721370e+01   1.8702493e+02
   1.7144210e+02   1.4154996e+02
   1.8723934e+02   4.6088685e+01
   1.8193944e+02   1.0830309e+02
   1.4887282e+02   6.8752651e+01
   1.6049242e+02   1.5550192e+02
   1.2192348e+02   1.0618327e+02
   6.6194138e+01   8.4939825e+01
   1.0017816e+02   1.0924907e+02
   1.3855816e+02   1.0681279e+02
   2.4053314e+01   2.5384955e+01
   9.3717101e+01   1.2593976e+02
   1.1861181e+02   2.7083208e+01
   7.5585601e+01   1.3224180e+02
   1.3741144e+02   1.4870801e+02
   1.0156775e+02   7.3415064e+01
   2.8006837e+01   1.4514148e+01
   8.0600048e+01   1.6989284e+02
   8.1349674e+01   4.5537453e+01
   1.6368275e+01   1.4506094e+02
   2.6586628e+01   1.2778385e+02
   1.0190056e+02   5.6433127e+01
   4.9476480e+01   1.4405590e+02
   1.3405940e+02   1.7862055e+02
   6.6169818e+01   7.4205674e+01
   1.8014450e+02   1.8940168e+02
   1.8128825e+02   6.1833989e+01
   8.1595963e+01   1.0426896e+02
   8.4190950e+01   1.8492735e+02
   5.9764377e+01   1.8899683e+02
   5.0961572e+01   1.6590863e+02
   1.0841369e+02   1.0955037e+02
   1.5447605e+02   1.0165472e+02
   1.1519915e+02   1.8449213e+02
   2.8979366e+01   9.8160115e+01
   2.1846698e+01   1.8189430e+02
   1.5801703e+02   2.9244774e+01
   1.7896083e+02   1.7697727e+01
   1.4067474e+02   1.5261166e+02
   1.3297951e+02   5.9118105e+01
   1.6157331e+02   1.3971449e+02
   7.6081088e+01   1.4425526e+02
   9.1849750e+01   4.8726420e+01
   1.7664232e+02   1.1960232e+02
   1.8628921e+02   1.2059038e+02
   4.4889406e+01   1.8463918e+02
   1.3347885e+02   1.8182915e+02
   9.0163904e+01   4.4058943e+01
   7.3349457e+01   1.3040478e+02
   1.7215640e+02   3.0239832e+01
   1.4980952e+02   1.8519548e+02
   1.0556889e+02   7.4115764e+01
   1.5739163e+02   1.7646739e+02
   1.3606139e+02   5.5306819e+01
   3.5168471e+01   1.3378672e+02
   1.3377664e+02   1.3612490e+02
   1.8726048e+02   1.5976129e+02
   1.7076175e+02   1.8851892e+02
   8.4379518e+01   9.2710281e+01
   1.7220951e+02   1.0423161e+02
   1.1320209e+02   1.0394897e+02
   1.2009857e+02   1.7995070e+02
   4.8579157e+01   6.6131299e+01
   1.6129771e+02   2.2330467e+01
   1.5532559e+02   1.3940424e+02
   3.3262268e+01   5.8696640e+01
   1.8299929e+02   9.4839536e+01
   1.4602670e+02   1.5851492e+02
   1.1357918e+01   1.7372968e+02
   9.9587495e+01   1.5921158e+02
   5.1336518e+01   7.4379246e+01
   3.9513486e+01   1.1834513e+02
   1.2989443e+02   1.4621243e+01
   9.7381609e+01   1.6610794e+02
   1.8148849e+02   1.7239766e+02
   1.5663499e+02   9.4014147e+01
   9.2466279e+01   1.3890078e+02
   1.3150211e+02   2.3927373e+01
   1.0026129e+02   1.4547689e+02
   3.5470375e+01   6.9970910e+01
   6.7271946e+01   1.7557976e+02
   1.6579936e+02   1.7969315e+02
   3.4858738e+01   1.7224178e+02
   1.2061647e+02   1.2921347e+02
   5.5736642e+01   1.1010102e+02
   6.1990858e+01   1.7535124e+02
   3.8048280e+01   1.2654408e+02
   8.1247288e+01   1.8817224e+02
   1.7832543e+02   3.7890448e+01
   6.4639435e+01   5.6233962e+01
   5.5206822e+01   1.0102159e+02
   5.2352110e+01   5.9687094e+01
   1.0544529e+01   5.4396240e+01
   1.4506422e+02   1.8668311e+02
   7.2080272e+01   8.2076874e+01
   1.3905374e+02   2.9516542e+01
   1.8873247e+02   7.6383951e+01
   1.5048015e+02   2.5798767e+01
   1.5892242e+02   1.4023312e+02
   1.8946590e+02   4.8240242e+01
   1.8174165e+02   5.5913385e+01
   1.1421012e+02   4.7291385e+01
   1.1794862e+01   9.2521871e+01
   7.7675517e+01   2.9930036e+01
   1.0953897e+02   1.2386281e+02
   6.7070767e+01   2.6900971e+01
   9.6539135e+01   1.3488890e+02
   1.7175705e+02   1.5372570e+02
   2.8562251e+01   1.8297916e+02
   2.2423239e+01   4.3083354e+01
   1.0115082e+02   1.3970398e+02
   1.6366496e+02   1.8433136e+02
   1.6768151e+02   1.0684809e+02
   2.5303325e+01   3.8466223e+01
   1.3110503e+02   1.2678273e+02
   1.3756193e+02   1.3829824e+02
   1.3815158e+02   4.0282679e+01
   7.7217169e+01   1.0466107e+02
   1.8023619e+01   1.3946901e+02
   9.1704071e+01   1.7537062e+01
   1.4655781e+02   3.0485882e+01
   1.1929138e+02   9.9186788e+01
   3.9055235e+01   2.4849846e+01
   1.1922538e+02   1.7540818e+02
   7.8192335e+01   9.1005387e+01
   4.3765104e+01   1.7587543e+02
   1.3671388e+02   8.5196676e+01
   5.3905543e+01   1.1339138e+02
   1.2584144e+02   7.8612255e+01
   1.1738446e+02   1.2702881e+02
   1.7777330e+01   1.6760687e+02
   1.4488424e+02   1.2773958e+02
   5.1224656e+01   5.1928146e+01
   1.2814671e+02   1.5926631e+02
   1.5802314e+02   5.0039758e+01
   4.0431437e+01   8.7515156e+01
   1.6243646e+02   3.7525079e+01
   1.0946724e+02   7.3466560e+01
   6.7753212e+01   1.1884503e+02
   1.1059884e+02   6.5401632e+01
   1.7148425e+02   3.6008134e+01
   1.7351661e+02   1.5829612e+02
   1.0593328e+01   1.0997745e+02
   1.1777093e+02   9.1680356e+01
   1.5066849e+02   1.3348584e+02
   1.0223877e+02   1.4217821e+02
   2.8118689e+01   6.7476297e+01
   6.1651116e+01   1.4689198e+02
   1.0392804e+02   1.7773763e+02
   1.0770179e+02   1.0084904e+02
   2.6573760e+01   2.9996426e+01
   9.8073632e+01   1.7257670e+02
   8.1525768e+01   1.6546330e+02
   9.2818389e+01   1.7666441e+02
   1.0341205e+02   1.0044399e+02
   1.1427372e+02   1.5316095e+02
   1.0825745e+02   6.0850653e+01
   4.0339510e+01   1.4722166e+02
   6.8768583e+01   1.3257153e+02
   1.5061234e+02   1.7551739e+02
   5.1872632e+01   9.1090737e+01
   2.5072830e+01   4.2096505e+01
   2.3971129e+01   5.8364543e+01
   1.2517389e+01   1.4773592e+02
   1.4221079e+02   9.3816659e+01
   9.1686136e+01   1.8138547e+02
   7.1948003e+01   9.1161132e+01
   1.6596349e+02   1.8784510e+01
   5.5298840e+01   6.4784646e+01
   1.7868720e+02   5.8487692e+01
   1.4762631e+02   1.1180474e+02
   4.2991489e+01   1.1290460e+02
   1.7589402e+02   1.6787490e+02
   1.5940015e+02   1.0673214e+01
   1.1294610e+02   1.4549620e+02
   1.4721637e+01   3.2150866e+01
   1.2206208e+02   5.5394658e+01
   4.4530101e+01   1.4718713e+02
   1.8656976e+02   1.9557630e+01
   1.2269816e+02   1.6921828e+02
   1.9702799e+01   2.6729266e+01
   6.9283569e+01   4.1004479e+01
   6.9076361e+01   1.8692226e+02
   1.4256748e+02   1.6927481e+02
   1.0180602e+02   1.2026234e+01
   1.4982277e+02   1.2745274e+02
   1.5630399e+02   1.0455840e+02
   1.5049619e+01   1.2027354e+02
   1.6348679e+02   1.8832081e+02
   1.8068270e+02   9.1659643e+01
   3.6181355e+01   6.3734332e+01
   1.0854035e+02   1.5022330e+02
   1.3495245e+02   7.6938169e+01
   1.6407475e+02   7.9087404e+01
   8.2153580e+01   6.9601811e+01
   1.5193256e+02   2.8234254e+01
   1.1406889e+02   6.2280944e+01
   1.5240439e+01   2.5296467e+01
   6.6207279e+01   1.1406529e+01
   1.1149479e+02   9.4697058e+01
   6.8877559e+01   7.1466983e+01
   9.3049992e+01   1.0612316e+02
   1.3814092e+02   2.2841501e+01
   1.1126957e+02   1.3787376e+02
   1.2911543e+02   1.5618968e+02
   9.9223187e+01   9.6407646e+01
   1.2145934e+02   6.7311185e+01
   1.7041427e+01   1.8989854e+02
   4.5925523e+01   2.0021500e+01
   9.2230378e+01   5.6355624e+01
   8.6630274e+01   1.3771938e+01
   3.4093736e+01   1.4835790e+02
   1.8636625e+01   1.1811237e+02
   8.2597945e+01   6.2559195e+01
   1.0812927e+02   9.4914363e+01
   8.2324299e+01   3.9718536e+01
   1.4805537e+02   1.4969022e+02
   5.9666578e+01   1.0833388e+02
   1.2525583e+02   1.4223275e+01
   8.6413925e+01   8.2443722e+01
   1.0004396e+02   1.3685268e+02
   1.6477338e+02   4.3540805e+01
   1.8633246e+02   1.0392315e+02
   1.3356262e+02   1.9348391e+01
   7.1850585e+01   1.6587300e+02
   5.4784455e+01   1.8857735e+02
   1.0539969e+02   8.9279963e+01
   1.0869766e+02   1.2563083e+01
   1.4428906e+02   1.0247451e+01
   1.0263226e+02   1.1550002e+02
   3.4942286e+01   1.0799374e+02
   9.8198607e+01   2.3254473e+01
   1.1874166e+02   1.8303945e+02
   1.2859180e+02   4.9405362e+01
   1.7443028e+02   1.3920257e+02
   1.6765093e+02   1.1438593e+02
   1.7198894e+01   1.0794163e+02
   1.7114571e+02   1.3005026e+02
   6.2816598e+01   1.7163763e+02
   1.0481855e+01   1.4317302e+01
   1.1833193e+02   5.0184986e+01
   1.2227178e+02   1.6049469e+02
   4.4477372e+01   2.9271288e+01
   1.7520833e+02   1.3557468e+01
   6.7464191e+01   6.0727405e+01
   1.5083622e+01   2.9189764e+01
   1.3850421e+02   2.6340422e+01
   1.4365074e+01   1.1468884e+02
   1.7501669e+02   1.8562101e+02
   7.5686456e+01   1.1609728e+02
   4.5065913e+01   1.0041837e+02
   8.0648176e+01   5.0767707e+01
   1.3789491e+02   1.5546177e+02
   6.1930723e+01   8.4814457e+01
   5.8808585e+01   1.5655771e+02
   1.3906492e+02   1.2474694e+02
   1.5749007e+02   8.6529157e+01
   7.3683819e+01   1.1149805e+02
   7.4766731e+01   1.4690420e+02
   1.3093001e+02   1.0985755e+02
   8.1173259e+01   5.6092600e+01
   1.4475665e+02   1.3722892e+02
   1.8588657e+02   2.6940169e+01
   1.0719649e+02   1.6863264e+02
   1.4293234e+02   1.3981622e+02
   4.0737312e+01   1.6892973e+01
   1.8939211e+02   1.0942283e+02
   1.6342336e+02   1.0559514e+02
   3.3731825e+01   1.4085743e+02
   1.6648871e+02   3.5303836e+01
   7.7093552e+01   5.6995819e+01
   1.2839750e+01   1.0038790e+02
   1.8631159e+02   6.7701669e+01
   1.5628690e+02   4.8455045e+01
   3.6038847e+01   1.1053899e+02
   3.9636714e+01   2.0189528e+01
   3.2783912e+01   4.3497629e+01
   1.1422824e+02   3.0439404e+01
   8.0570772e+01   6.7202720e+01
   1.0189714e+02   1.3146582e+02
   1.4079897e+02   9.0972566e+01
   6.4286774e+01   1.7839269e+02
   1.4845422e+02   5.1597862e+01
   1.5864198e+02   5.9724560e+01
   5.7436594e+01   1.2988619e+02
   1.2187411e+01   7.5949518e+01
   1.3363247e+02   1.1459784e+01
   6.6300359e+01   6.9584058e+01
   1.0570169e+02   5.1435313e+01
   1.5831285e+02   1.3029408e+02
   3.1081609e+01   7.1985636e+01
   3.0773311e+01   1.4260185e+02
   3.2454528e+01   1.0588245e+02
   1.6488240e+02   3.8752611e+01
   1.2588511e+02   1.0565347e+02
   1.0977657e+02   8.4577929e+01
   1.6366040e+02   5.7264162e+01
   7.5011589e+01   1.8431347e+02
   1.0361337e+02   4.6469921e+01
   1.7242645e+02   1.2350215e+02
   1.4619867e+02   1.2360185e+02
   4.8317470e+01   1.5382543e+02
   1.1673570e+02   1.3794958e+02
   2.3422124e+01   1.3366013e+02
   7.7118987e+01   3.8842135e+01
   1.5597289e+02   1.5974951e+02
   6.4465372e+01   9.2112422e+01
   1.4233806e+02   1.5565234e+02
   1.4143788e+02   1.4409459e+02
   8.4760386e+01   1.4231044e+02
   5.2787378e+01   1.6887120e+02
   1.0675344e+02   1.8872390e+02
   1.8614165e+02   1.7807782e+02
   8.8435259e+01   1.7372829e+02
   4.7094689e+01   1.3376716e+02
   1.1264844e+02   1.8364471e+02
   1.2614429e+02   1.0536261e+01
   3.7039846e+01   6.1151800e+01
   1.5134056e+02   6.9358561e+01
   1.5267411e+02   3.6104705e+01
   4.1722937e+01   9.0055969e+01
   9.3144055e+01   6.8118199e+01
   4.5103792e+01   4.9495522e+01
   5.4766678e+01   1.5298715e+02
   1.6001567e+02   6.6672752e+01
   9.0365729e+01   9.9049510e+01
   1.3086036e+02   6.8947785e+01
   1.8046750e+02   1.5824670e+02
   1.7205141e+02   1.6718495e+02
   4.0811688e+01   9.8947265e+01
   7.9843229e+01   1.3892463e+02
   1.7969088e+02   1.3892460e+01
   7.8984896e+01   1.4439188e+02
   1.3513339e+02   1.6774607e+02
   4.9819927e+01   1.8274419e+02
   2.3754243e+01   8.9500317e+01
   6.8842290e+01   2.9404320e+01
   8.6568226e+01   1.0329422e+02
   1.1192560e+02   2.0814867e+01
   4.4292162e+01   8.5917491e+01
   8.3318879e+01   1.3068920e+02
   1.5707175e+02   5.2700949e+01
   1.6915165e+02   1.4751699e+02
   1.2015872e+02   1.6226064e+01
   9.3366203e+01   1.4274186e+02
   1.6171118e+02   2.8082688e+01
   2.4144207e+01   1.5554961e+02
   1.7054300e+02   1.7716749e+02
   1.7985809e+02   9.9874529e+01
   1.6450581e+02   1.2508697e+02
   1.2644076e+01   1.9424124e+01
   1.2231573e+02   7.3848244e+01
   9.9235523e+01   4.2272340e+01
   1.5905717e+02   1.0578783e+02
   1.3014160e+02   3.1092854e+01
   8.9438169e+01   8.0975464e+01
   5.1065201e+01   3.4500433e+01
   6.0861499e+01   1.0369326e+02
   1.2453685e+02   1.2564425e+02
   3.0518745e+01   9.5260138e+01
   1.0351934e+02   7.9110584e+01
   2.0984294e+01   1.8820932e+02
   2.9707426e+01   1.9494675e+01
   7.6007632e+01   1.7676123e+02
   1.6774058e+02   1.5358452e+02
   1.4894752e+02   3.7926818e+01
   1.0085480e+02   8.6559230e+01
   3.4139074e+01   1.3663661e+02
   4.4357874e+01   1.3333712e+02
   5.6702703e+01   9.4192113e+01
   1.9233860e+01   1.7761049e+02
   5.0223794e+01   1.7697089e+02
   4.1252409e+01   1.6678965e+02
   6.0787403e+01   1.6543421e+02
   9.9223874e+01   3.0730857e+01
   1.6050678e+02   6.2034284e+01
   1.3750875e+02   1.7751920e+02
   2.8350408e+01   1.0662817e+01
   1.1453718e+02   1.3618433e+02
   1.6646742e+02   7.8345661e+01
   3.9950283e+01   1.2848187e+02
   1.8591680e+01   1.4739098e+02
   5.2428593e+01   1.6369938e+01
   1.1535836e+02   1.2065320e+02
   1.7460214e+02   6.4494049e+01
   4.0845418e+01   6.1344768e+01
   3.2169470e+01   8.2996996e+01
   5.0217468e+01   1.3295914e+02
   1.5004672e+02   6.4723201e+01
   1.5329279e+02   5.0701155e+01
   7.2112233e+01   1.0444524e+02
   1.2684883e+02   1.3829030e+02
   5.8546896e+01   1.7316791e+02
   1.5277441e+02   1.5388591e+02
   1.0887649e+02   1.5714504e+02
   1.8905690e+02   1.8856852e+01
   1.3676460e+02   6.6170134e+01
   1.8304337e+02   1.8175687e+02
   1.0492936e+02   3.2239194e+01
   2.1873383e+01   1.5485656e+02
   1.8924665e+02   1.5498745e+02
   1.1438715e+02   1.0642828e+02
   1.4799919e+02   1.8011749e+01
   1.3378907e+02   1.1636971e+02
   2.2783541e+01   6.3113826e+01
   1.3216234e+02   1.0376922e+02
   5.2824205e+01   1.7753243e+02
   1.4087516e+02   5.3900213e+01
   3.1111926e+01   3.4182127e+01
   1.3843449e+02   1.1102769e+02
   1.3667206e+02   6.3231489e+01
   6.1956480e+01   1.0143266e+02
   3.3170513e+01   2.4270112e+01
   8.6241104e+01   2.6757616e+01
   1.0270665e+02   1.7225154e+02
   1.7049611e+02   2.1744222e+01
   6.0696446e+01   3.9836913e+01
   1.3354240e+02   1.7497500e+02
   1.8757392e+02   4.3270099e+01
   1.0524763e+02   1.2438478e+02
   2.7882921e+01   2.2345609e+01
   9.0031261e+01   9.1184302e+01
   1.6463036e+02   7.6270114e+01
   6.9880313e+01   5.4951878e+01
   1.3294996e+02   1.2422136e+02
   1.2621408e+02   1.2318718e+02
   3.4555141e+01   2.9406211e+01
   1.1569699e+02   8.1283024e+01
   1.0430646e+02   1.2143281e+02
   1.3413185e+02   9.4703182e+01
   1.2574811e+02   9.0640795e+01
   3.7785348e+01   4.3265259e+01
   1.4698085e+01   8.8947200e+01
   9.0835374e+01   1.6749076e+02
   1.5369147e+01   9.7283323e+01
   5.6206106e+01   9.7983269e+01
   1.6155858e+02   1.7422668e+02
   1.6341300e+02   8.5418674e+01
   1.4400500e+01   4.0652878e+01
   1.5377636e+02   1.7826757e+02
   3.5983173e+01   1.4278858e+02
   1.6767628e+02   1.3775058e+02
   1.8397300e+02   1.8439393e+02
   1.8194665e+02   7.5777864e+01
   1.3787820e+02   1.8047995e+02
   1.6959839e+02   1.3930013e+02
   6.8017462e+01   1.6718852e+01
   1.0850176e+02   1.9805733e+01
   1.3923975e+02   1.7555159e+01
   1.1245967e+02   1.1177851e+01
   1.0064136e+02   1.7036323e+02
   5.1562080e+01   4.6744553e+01
   1.2441283e+02   6.7512268e+01
   7.7035455e+01   2.1277942e+01
   5.4737416e+01   4.1825651e+01
   1.5266755e+02   1.6058463e+02
   1.6584382e+02   5.3205319e+01
   9.2677217e+01   9.6640331e+01
   9.3364614e+01   7.6457295e+01
   2.8931976e+01   2.9337747e+01
   9.6284563e+01   1.1620549e+01
   3.2432493e+01   1.5651412e+02
   1.6007599e+02   8.1718692e+01
   1.1612729e+02   1.0442656e+02
   1.0850806e+02   1.4411961e+02
   1.0292049e+02   1.2335622e+02
   1.2318568e+02   2.1257831e+01
   1.0501799e+02   2.0633655e+01
   1.5044545e+02   4.1324600e+01
   1.4407851e+01   5.8189823e+01
   8.7882709e+01   3.6014624e+01
   9.4451819e+01   1.8434015e+02
   3.6580111e+01   2.4396117e+01
   3.4588202e+01   1.1777490e+02
   9.3315059e+01   8.5089062e+01
   1.7556673e+02   6.8331469e+01
   2.3461203e+01   1.2087863e+02
   8.4340223e+01   8.8883177e+01
   4.5984313e+01   1.5061647e+02
   1.8227907e+02   1.1774886e+02
   6.5847114e+01   1.0073127e+02
   4.4931084e+01   1.6273008e+02
   9.6956034e+01   4.2853444e+01
   1.5781777e+02   1.0996041e+02
   5.2897420e+01   1.2256329e+02
   1.2349913e+02   1.7947699e+02
   1.1238306e+02   5.4339125e+01
   4.2768198e+01   5.0826649e+01
   8.1612636e+01   1.2720956e+02
   1.8753279e+02   1.1355714e+02
   6.9646769e+01   1.7617990e+02
   1.7205688e+02   6.2597288e+01
   3.0574244e+01   4.9683127e+01
   1.5582741e+02   1.6311124e+02
   1.3056114e+02   5.3052936e+01
   1.6159548e+02   7.4014975e+01
   1.0893307e+02   1.1796495e+02
   2.5553962e+01   1.4120336e+02
   9.7224458e+01   7.1220900e+01
   4.1621576e+01   4.7323249e+01
   1.1119996e+02   7.6352675e+01
   1.8338571e+02   1.3079421e+02
   7.5409162e+01   1.7396902e+02
   1.1380424e+02   1.0139284e+02
   7.3048820e+01   2.8932457e+01
   9.7289621e+01   8.2621630e+01
   1.8671419e+01   9.3445057e+01
   6.9235343e+01   7.4717683e+01
   1.4118540e+02   6.3010916e+01
   1.6898607e+02   1.2764751e+02
   8.3285900e+01   1.6695762e+01
   6.8835227e+01   1.2344955e+02
   1.8668711e+02   1.5131491e+02
   8.0428088e+01   1.7230435e+02
   1.8645631e+01   4.2906013e+01
   1.4446273e+02   5.7980145e+01
   1.4660942e+02   9.0453716e+01
   1.2975058e+02   8.8583902e+01
   1.3788521e+02   1.1363299e+02
   5.0282274e+01   1.3767324e+02
   1.6765761e+02   1.3142939e+02
   1.6636324e+02   1.0340493e+02
   7.2925150e+01   7.4232725e+01
   1.5248382e+02   6.4966148e+01
   1.5999116e+02   1.2287287e+02
   7.9411177e+01   3.6736637e+01
   1.2227438e+02   1.4439922e+02
   5.5199806e+01   1.7033743e+02
   1.7784612e+02   1.8993055e+02
   1.1830689e+02   6.3474370e+01
   2.0982481e+01   5.5657243e+01
   1.4866536e+01   1.7299576e+02
   4.7745180e+01   6.3431048e+01
   1.5000955e+02   1.0400291e+02
   1.0004446e+02   1.2696958e+02
   2.8611151e+01   1.1732405e+02
   1.5771607e+02   6.8152770e+01
   1.5023847e+02   1.0834323e+02
   1.8843743e+02   8.2275261e+01
   6.0131754e+01   2.2772843e+01
   1.1786155e+02   7.5921411e+01
   8.7455031e+01   4.4495680e+01
   1.8624274e+02   1.6757078e+02
   1.8361427e+02   5.1540387e+01
   3.6687155e+01   1.8802580e+02
   3.3312782e+01   1.2365741e+02
   1.6562985e+02   1.2766075e+02
   7.0543740e+01   3.1518054e+01
   2.8796643e+01   1.3333504e+02
   3.1194282e+01   2.7326552e+01
   1.4667278e+02   4.3571515e+01
   1.4965343e+02   9.7375881e+01
   1.2161407e+02   9.5436322e+01
   1.8626021e+01   3.3494109e+01
   1.7152874e+01   7.9663480e+01
   1.3281887e+02   2.7073653e+01
   1.1490839e+01   6.5202158e+01
   9.3600452e+01   4.0856069e+01
   1.8840581e+02   3.6023830e+01
   1.5364271e+02   1.2088165e+02
   1.4337821e+02   1.0585859e+02
   7.1017179e+01   1.8824805e+02
   3.4421005e+01   3.3238286e+01
   8.9249986e+01   2.6586918e+01
   4.4363601e+01   1.1933199e+02
   1.8782577e+02   1.7027024e+02
   1.6823468e+02   3.0918783e+01
   9.3767906e+01   5.4297885e+01
   2.1955085e+01   8.3152495e+01
   1.7634249e+02   5.8436671e+01
   1.8824198e+02   9.7308984e+01
   1.3536667e+02   5.8382766e+01
   7.1028583e+01   1.3196090e+02
   1.8361853e+02   1.2316480e+02
   1.5189618e+02   8.4942391e+01
   1.6232375e+02   1.3498071e+02
   1.2850120e+01   5.2247250e+01
   5.6894399e+01   1.0641646e+02
   9.0551225e+01   1.0467400e+02
   9.6904351e+01   6.1572570e+01
   5.4809371e+01   2.4511875e+01
   8.2535688e+01   1.4337291e+02
   2.6514001e+01   1.4405037e+02
   1.3170913e+02   3.5471975e+01
   1.8817502e+01   1.2713637e+02
   1.2797589e+02   5.2689598e+01
   1.3854921e+01   1.5228325e+02
   7.9191914e+01   1.6122566e+02
   1.3584423e+02   1.3470412e+02
   6.0646003e+01   1.5022528e+02
   1.1321039e+02   1.2663549e+02
   8.1514979e+01   7.3669899e+01
   8.2353387e+01   1.5366798e+02
   3.2462778e+01   1.6959080e+02
   1.5004291e+02   1.1895867e+02
   1.1709946e+02   1.6665773e+02
   6.3812032e+01   1.0416467e+02
   1.5000079e+02   8.2797269e+01
   2.3055027e+01   7.3032143e+01
   1.8989481e+02   4.4035612e+01
   9.3904651e+01   1.6509344e+02
   5.4010270e+01   7.2410365e+01
   5.1024877e+01   8.0638543e+01
   1.7894986e+02   8.3993809e+01
   1.8783195e+02   1.0749991e+02
   3.0963640e+01   1.2369724e+02
   1.6574346e+02   9.2353569e+01
   6.5169298e+01   1.2780552e+02
   1.4496608e+02   1.4543521e+01
   1.1042254e+02   1.7119261e+02
   1.0960259e+01   1.3820996e+02
   3.0242968e+01   1.8860233e+02
   2.5500678e+01   2.7268432e+01
   1.1583839e+02   1.9138616e+01
   4.3339983e+01   1.8051754e+02
   9.1164630e+01   7.2542201e+01
   7.9685565e+01   1.1699920e+02
   7.1454656e+01   3.9276295e+01
   2.6093375e+01   1.3123532e+02
   2.5625465e+01   1.6841770e+02
   1.7378550e+02   9.9408260e+01
   2.1539974e+01   1.0078076e+02
   5.2756072e+01   1.3677756e+02
   1.1135274e+02   1.8880003e+02
   1.3957035e+02   4.7524406e+01
   1.5296352e+02   1.2973429e+02
   3.0541769e+01   2.4795387e+01
   1.2679501e+02   1.5501434e+02
   1.1410345e+02   8.4961248e+01
   6.7077852e+01   6.3050046e+01
   5.2944091e+01   8.2633813e+01
   1.7760908e+02   1.4108102e+02
   1.0230100e+02   1.0533384e+02
   1.5370015e+02   1.4260825e+02
   1.0205384e+02   1.5938665e+02
   1.6867249e+02   2.7555362e+01
   8.6291157e+01   1.4466077e+02
   4.4734919e+01   4.4002843e+01
   3.0895085e+01   9.0021286e+01
   1.4774502e+02   5.8781865e+01
   1.6083811e+02   1.6395026e+02
   6.7593855e+01   5.4178298e+01
   2.1066609e+01   1.5864895e+02
   1.3508550e+02   1.3997306e+02
   9.6403392e+01   6.5665718e+01
   5.8776811e+01   1.2274548e+02
   1.0013704e+02   5.1407932e+01
   1.7726141e+02   4.4487129e+01
   1.1043808e+01   4.5890843e+01
   1.2246387e+02   4.3777396e+01
   5.4638457e+01   1.4759208e+02
   1.4479037e+02   1.6640264e+02
   1.8262925e+02   1.6569233e+02
   9.0122693e+01   1.3925292e+02
   6.4157363e+01   1.7388601e+02
   6.1297474e+01   4.2129163e+01
   7.2518304e+01   7.9548755e+01
   1.6526294e+02   4.6659940e+01
   2.7480655e+01   1.7350303e+02
   1.3783109e+02   1.6486003e+02
   1.5581574e+02   9.6491230e+01
   1.0257835e+02   9.7034009e+01
   1.4291299e+02   1.5073841e+02
   1.3668076e+02   1.2029911e+02
   4.2436536e+01   1.8752810e+02
   7.5125525e+01   3.6700815e+01
   1.6043107e+02   3.0745153e+01
   1.3280586e+02   6.3781117e+01
   8.3444116e+01   3.0254440e+01
   2.4923619e+01   1.8199809e+02
   1.1435169e+02   1.4257443e+02
   1.3124230e+02   9.0612016e+01
   1.5683558e+02   7.5850702e+01
   1.2416734e+02   1.8667628e+02
   1.0267401e+02   1.3680779e+02
   8.7814762e+01   1.5480356e+02
   1.2944861e+02   1.6363997e+02
   1.1338749e+02   1.1667891e+02
   1.5753228e+02   1.7108915e+02
   4.9748672e+01   1.4309852e+01
   5.7805089e+01   7.8269242e+01
   1.6919610e+02   3.4520966e+01
   5.6404480e+01   4.7521457e+01
   1.3998629e+02   9.9363469e+01
   1.2859437e+01   1.1801233e+01
   1.6130114e+02   2.5103736e+01
   9.8965967e+01   9.9046990e+01
   7.2899608e+01   3.1636571e+01
   1.2894789e+02   4.0539254e+01
   1.0677149e+02   1.7730388e+02
   1.8220176e+02   3.9041076e+01
   6.2107793e+01   8.1040449e+01
   1.7716679e+02   2.2154759e+01
   1.7776056e+02   1.7245734e+02
   9.7644036e+01   1.6173636e+02
   9.8529300e+01   9.2335931e+01
   1.6898507e+02   6.5641755e+01
   3.0433272e+01   1.3628049e+01
   1.2742061e+02   1.2737532e+02
   1.7849556e+01   1.3406677e+02
   1.2105988e+02   1.2592615e+02
   1.8566372e+02   9.3703698e+01
   1.0951535e+01   8.0166491e+01
   1.5287364e+02   1.1140635e+01
   1.2121761e+02   9.1447370e+01
   2.4608686e+01   1.0047568e+02
   6.2518015e+01   1.2020446e+02
   9.2926086e+01   1.3632361e+02
   6.0591579e+01   1.6255418e+02
   1.4788450e+02   3.4470328e+01
   1.2862553e+02   1.4466745e+02
   1.6662486e+01   1.0275570e+02
   1.8481991e+02   1.1489494e+02
   2.9932479e+01   1.6071465e+02
   6.8973327e+01   6.4831729e+01
   1.0750308e+02   1.8179415e+02
   1.1991030e+02   1.4361334e+02
   3.6602199e+01   7.4806143e+01
   1.2050124e+02   1.1373491e+02
   2.5555084e+01   1.6843076e+01
   3.4287939e+01   1.7541756e+02
   1.1961005e+01   1.5617711e+02
   1.0668116e+02   8.6964273e+01
   1.3902373e+02   7.5101739e+01
   1.7109986e+02   7.0883990e+01
   1.6543631e+02   1.6112788e+02
   9.8522659e+01   1.0368586e+02
   3.7523823e+01   1.5690264e+02
   7.5193470e+01   1.8787780e+01
   4.8507855e+01   1.1215925e+02
   2.6360027e+01   7.2716179e+01
   5.4247821e+01   1.3494905e+02
   1.5757702e+02   1.8736690e+02
   1.6938892e+02   7.2712479e+01
   9.1879304e+01   1.2126101e+02
   2.9910868e+01   1.7972723e+02
   2.8383941e+01   4.1136982e+01
   1.0074698e+02   1.6750833e+02
   1.4180711e+02   7.5587581e+01
   1.8392288e+02   9.1682311e+01
   1.8191005e+02   7.2922099e+01
   3.0595509e+01   5.6485918e+01
   1.4498785e+02   4.1268337e+01
   1.8767450e+02   1.6438247e+02
   1.4499777e+02   9.8594701e+01
   8.6217401e+01   1.6015712e+02
   8.4360660e+01   7.9267914e+01
   6.5525174e+01   1.1518426e+02
   4.2636850e+01   1.2729711e+02
   3.5241916e+01   1.7625655e+01
   8.1715493e+01   9.3101313e+01
   5.2503941e+01   1.3976879e+02
   1.4354525e+02   3.6319849e+01
   6.5528817e+01   1.4205475e+02
   8.1366450e+01   5.9052642e+01
   1.6622249e+02   2.5846776e+01
   1.4677465e+02   8.2779649e+01
   1.6109552e+02   1.3554006e+01
   3.7289487e+01   1.0210532e+01
   5.7102570e+01   1.4254568e+02
   1.5687584e+01   1.2459834e+02
   1.5794048e+02   1.2760639e+02
   5.5609210e+01   1.6438569e+02
   1.5690402e+02   1.2178705e+02
   1.2518900e+02   2.7619162e+01
   1.2020939e+02   1.0779370e+02
   3.5910880e+01   1.0561435e+02
   1.7998129e+02   1.7682695e+02
   5.9217477e+01   7.2145028e+01
   1.0974188e+02   9.7563387e+01
   1.1620230e+02   2.8977736e+01
   3.4317669e+01   5.0050811e+01
   1.1249183e+02   4.1746731e+01
   1.3387832e+02   7.4815041e+01
   9.2595310e+01   6.3230035e+01
   1.1960786e+02   1.4009811e+02
   9.1939406e+01   9.2597882e+01
   4.0818705e+01   1.2077334e+02
   1.7705643e+02   9.9354745e+01
   1.6580998e+02   3.1660003e+01
   8.4074369e+01   1.7848843e+02
   1.2852358e+02   6.0253779e+01
   1.4518511e+02   1.5195275e+02
   6.1435301e+01   1.1542757e+02
   5.7580144e+01   8.9413595e+01
   1.1487975e+02   5.5816347e+01
   7.8578358e+01   8.1543422e+01
   2.2254759e+01   3.4989236e+01
   4.0817194e+01   1.7784949e+02
   5.0024214e+01   3.7733216e+01
   1.1032580e+02   1.0181562e+02
   1.8050637e+02   5.2780170e+01
   2.9746685e+01   1.6537236e+02
   7.3312878e+01   6.6943375e+01
   1.6999350e+02   1.7352844e+02
   1.5085671e+02   8.8182290e+01
   2.8257024e+01   1.4806484e+02
   3.7508363e+01   3.6716242e+01
   1.3995536e+02   1.6008687e+02
   2.3186283e+01   1.4355159e+02
   1.1146771e+02   1.2146324e+02
   6.2490627e+01   9.9097388e+01
   1.5892958e+02   1.6532623e+02
   1.7136131e+02   9.7860816e+01
   2.5392104e+01   9.1954552e+01
   3.5542921e+01   1.6387326e+02
   3.1747574e+01   1.8343506e+02
   1.2648156e+02   9.6911517e+01
   3.5332158e+01   1.5879707e+02
   1.6308756e+02   1.2901391e+02
   3.5856885e+01   5.4780368e+01
   7.4662741e+01   1.5900331e+02
   4.0880373e+01   1.7491124e+02
   1.2417217e+02   1.6673838e+02
   1.0257324e+01   3.2016016e+01
   1.3646619e+02   1.3234435e+02
   5.7296815e+01   2.1561605e+01
   1.8746343e+02   1.3486020e+02
   1.8693529e+02   2.4063658e+01
   1.2138563e+02   7.0257926e+01
   1.7707732e+02   3.4685444e+01
   4.3295955e+01   1.4066133e+02
   4.2090288e+01   9.6265673e+01
   1.3181291e+02   1.3265971e+02
   1.2825277e+01   2.2208062e+01
   1.1345492e+02   1.7735113e+02
   1.1002779e+02   5.4228530e+01
   1.4872081e+02   1.2245861e+02
   1.1953177e+02   1.6056796e+02
   1.1281379e+02   6.6567527e+01
   1.8538152e+02   1.4361971e+01
   5.4902029e+01   4.5172678e+01
   6.9069449e+01   9.8634239e+01
   1.0784620e+02   1.3557878e+02
   1.3749515e+02   3.6490180e+01
   4.0439185e+01   5.8177026e+01
   5.4206944e+01   6.9825922e+01
   1.7275871e+02   1.2754611e+02
   7.8244205e+01   8.7405808e+01
   7.0106697e+01   1.1603497e+02
   1.4368036e+01   1.4989335e+02
   1.5005396e+02   1.6169810e+02
   6.9052160e+01   2.1467267e+01
   1.1718376e+02   7.0471269e+01
   3.1210339e+01   1.2056346e+02
   4.2635483e+01   1.6449136e+02
   1.5573117e+02   1.6925445e+02
   1.7017969e+02   1.8399434e+02
   1.0878204e+02   7.6252508e+01
   8.8641003e+01   1.1503889e+02
   3.7844072e+01   1.8473152e+01
   1.5592926e+02   1.2235908e+01
   6.0347335e+01   1.0079718e+01
   1.9347360e+01   1.4296309e+02
   8.9553774e+01   6.7918843e+01
   1.4568209e+02   9.3455452e+01
   1.2628681e+02   1.8965707e+02
   1.4936290e+02   1.7772969e+02
   1.6231252e+02   1.1791152e+02
   3.8360730e+01   1.7296209e+02
   7.7315960e+01   1.3429014e+02
   1.3206577e+02   1.8612442e+02
   1.2773279e+02   6.9065467e+01
   8.6323585e+01   3.0335166e+01
   1.9683595e+01   1.0603189e+02
   8.6985321e+01   9.0958629e+01
   7.4305338e+01   3.9919846e+01
   1.7996787e+02   1.0223041e+02
   1.8110217e+01   3.9442417e+01
   8.8632223e+01   9.6079945e+01
   8.6814705e+01   1.1891835e+02
   1.3791948e+02   1.7017103e+02
   1.7279490e+01   1.7232058e+02
   5.4730768e+01   1.4053911e+02
   1.7322485e+02   2.5339079e+01
   5.9205952e+01   9.8328964e+01
   8.6929432e+01   1.6501866e+02
   9.5141972e+01   1.5527613e+02
   1.8438761e+02   2.0990753e+01
   1.4384342e+02   2.5541568e+01
   1.4425333e+02   3.1398330e+01
   6.2045105e+01   3.2731867e+01
   1.2958998e+02   7.6225752e+01
   8.5412482e+01   4.0870287e+01
   3.7669516e+01   5.0583328e+01
   1.5717621e+02   6.4868911e+01
   6.4108457e+01   1.3159560e+02
   7.0138123e+01   2.5236835e+01
   1.7392859e+02   1.0945071e+02
   1.0934123e+02   3.0097846e+01
   4.1745378e+01   6.7668390e+01
   1.4427426e+02   1.0835645e+02
   5.5439271e+01   1.2843370e+02
   3.1769762e+01   1.0059835e+02
   1.6263773e+02   1.6535756e+01
   8.2953448e+01   1.6981302e+02
   1.7704972e+02   1.1242302e+02
   1.4618431e+02   1.3375689e+02
   4.1845388e+01   8.4567015e+01
   1.9830877e+01   9.7018860e+01
   1.6839002e+01   1.1645786e+02
   1.6074588e+02   1.2929121e+02
   4.0009399e+01   2.7572870e+01
   1.3638283e+02   4.9060114e+01
   1.7998671e+02   1.5533291e+02
   1.2786178e+02   1.1205582e+02
   1.6504486e+02   9.7076748e+01
   1.2325351e+01   1.7818603e+02
   1.8847438e+02   6.4768499e+01
   8.3607537e+01   4.2439660e+01
   1.5593368e+02   1.5438404e+02
   8.2950664e+01   1.1069255e+02
   1.9161124e+01   3.7128400e+01
   1.2709225e+02   3.5709490e+01
   1.4667113e+01   1.3043225e+02
   1.1758342e+02   4.6518193e+01
   1.2187356e+02   8.3907175e+01
   1.2239033e+02   1.0336459e+02
   1.7314886e+01   1.5161775e+01
   1.7163204e+02   9.5028748e+01
   7.6646789e+01   1.4913503e+02
   4.9489967e+01   9.9125628e+01
   9.4880128e+01   6.3736715e+01
   2.8265335e+01   1.4570815e+02
   8.4319968e+01   6.0316157e+01
   1.7451855e+02   5.4916059e+01
   9.2737696e+01   1.5715641e+02
   1.7653288e+02   5.2857624e+01
   1.3790048e+02   1.9797541e+01
   1.8540418e+02   9.8313066e+01
   1.8562918e+02   8.9139580e+01
   1.6994024e+02   7.7031539e+01
   3.7216282e+01   1.2384759e+02
   1.0861434e+02   1.5412194e+02
   1.1621918e+02   1.2826741e+01
   1.3699974e+02   3.3232377e+01
   3.6741583e+01   8.8525604e+01
   5.3131323e+01   7.7640085e+01
   4.1628276e+01   1.6122261e+02
   4.5269288e+01   8.1525279e+01
   5.0230529e+01   1.7400006e+02
   1.4950478e+02   1.2005255e+01
   7.6494030e+01   6.4619506e+01
   1.3988806e+02   7.9978573e+01
   3.3992429e+01   1.0246681e+02
   1.2239954e+01   5.6727810e+01
   1.2615893e+02   4.5083095e+01
   8.0782835e+01   1.0244958e+01
   9.3327377e+01   8.8305926e+01
   9.2083288e+01   1.8761704e+02
   4.9130854e+01   1.4977532e+02
   1.5590611e+02   3.7642244e+01
   1.0378412e+02   4.1693814e+01
   1.1180666e+02   7.3191959e+01
   1.5761394e+02   1.1429299e+02
   9.5005831e+01   1.4703894e+02
   1.8780571e+02   1.2855227e+02
   1.7980023e+02   1.1206160e+02
   3.9509422e+01   1.6413902e+02
   1.2023419e+02   1.4853637e+02
   1.6304552e+02   1.6480215e+02
   1.7330974e+02   1.5174991e+02
   2.4870734e+01   1.9309872e+01
   1.8443828e+02   1.1055093e+02
   4.0573588e+01   3.3636890e+01
   5.0006277e+01   2.9302499e+01
   1.0211032e+02   2.8792805e+01
   6.9631265e+01   1.0670689e+02
   1.5417025e+02   1.2520649e+02
   7.6773825e+01   1.8210323e+02
   4.6224363e+01   5.1739714e+01
   1.5451433e+02   6.1925906e+01
   6.5532240e+01   4.0122320e+01
   1.7596767e+02   1.2696993e+02
   1.3720324e+02   1.4458201e+02
   8.1756914e+01   1.0783145e+02
   6.3399685e+01   1.6718882e+01
   1.2154320e+02   1.3197958e+02
   6.7864778e+01   1.7885041e+02
   1.1270532e+02   3.4371729e+01
   9.0914942e+01   1.0904466e+01
   7.2633344e+01   3.5147186e+01
   7.8221649e+01   8.4217270e+01
   1.3273123e+02   1.4853491e+02
   9.9748584e+01   6.1882608e+01
   1.7497112e+02   4.3482581e+01
   1.0165121e+02   8.8777608e+01
   2.8966798e+01   5.9099450e+01
   1.3102852e+02   1.8262176e+02
   1.7886705e+02   1.6196473e+02
   1.3699186e+02   1.0069731e+02
   1.3729818e+02   1.6239753e+02
   4.3101821e+01   1.8834859e+01
   3.5097292e+01   1.2987685e+02
   1.2688678e+02   1.1806706e+02
   1.2431538e+02   8.1547697e+01
   8.1472799e+01   1.4643827e+02
   6.1535206e+01   1.3237885e+02
   1.4655064e+02   7.8007993e+01
   6.9364979e+01   5.1104107e+01
   6.8204872e+01   1.4047609e+01
   6.2034531e+01   1.3451115e+01
   1.7228756e+02   4.9426417e+01
   1.7437404e+02   1.4956174e+02
   1.6617532e+01   6.6508633e+01
   3.9190590e+01   9.1800396e+01
   4.7817321e+01   4.5206700e+01
   6.6538169e+01   1.4447390e+02
   1.6470953e+02   1.4867368e+02
   1.8879930e+02   2.1828032e+01
   5.8441845e+01   9.5832441e+01
   5.8473086e+01   1.8555229e+02
   4.1498726e+01   7.4125026e+01
   1.7184812e+02   5.6802735e+01
   1.7664509e+02   1.3738884e+02
   1.6007825e+02   1.2038271e+02
   7.0840700e+01   7.7267975e+01
   2.7705601e+01   9.5153073e+01
   6.6729338e+01   1.5457695e+02
   1.2606959e+02   4.0967507e+01
   6.5138467e+01   6.1703073e+01
   5.7923634e+01   6.8608362e+01
   1.7047121e+02   2.4097462e+01
   1.5488876e+02   1.1002508e+02
   1.8590551e+02   1.4472939e+02
   1.5432371e+02   1.3296022e+02
   4.0027753e+01   1.5536309e+02
   1.5145550e+02   1.3690827e+02
   6.6770853e+01   5.1521507e+01
   7.4485401e+01   1.6335701e+02
   1.6288479e+02   6.5511694e+01
   1.4382951e+02   8.2919224e+01
   7.5955181e+01   1.0780168e+02
   5.6946706e+01   5.8387811e+01
   1.8696084e+02   7.9718805e+01
   6.0260401e+01   1.2462798e+02
   1.8106467e+02   3.6859441e+01
   1.4141580e+02   1.8015397e+02
   1.4357463e+02   6.4120703e+01
   1.1335862e+02   4.4913817e+01
   3.2091565e+01   1.7863746e+02
   1.6790453e+02   1.1740937e+02
   2.4730296e+01   1.6613379e+02
   7.1140796e+01   1.1318725e+02
   5.0066292e+01   5.6008102e+01
   1.5448452e+02   1.3693989e+02
   1.1088786e+02   1.8400808e+01
   6.8264301e+01   1.1019017e+02
   1.8980584e+02   1.7961504e+02
   2.1984753e+01   1.6327172e+02
   1.3192860e+02   3.3043659e+01
   1.4565566e+01   1.1064092e+02
   1.3635769e+02   1.0950445e+02
   4.4952850e+01   1.1479042e+02
   1.0369505e+02   8.5955051e+01
   1.6333409e+02   1.0834942e+02
   4.6244657e+01   1.7240548e+02
   1.1640564e+02   8.3844485e+01
   1.5051924e+02   1.4070268e+02
   8.1206256e+01   1.8181752e+02
   6.4118519e+01   1.4565411e+02
   1.5499520e+02   5.5088311e+01
   1.2911954e+01   1.2754743e+02
   1.1632953e+02   1.6001476e+02
   6.8560575e+01   1.0277132e+02
   1.8256679e+01   7.3503633e+01
   4.7891120e+01   1.0527285e+01
   1.6129616e+02   5.1834501e+01
   8.4943485e+01   1.6288109e+02
   1.8531417e+02   8.6059284e+01
   3.9142620e+01   1.6846358e+02
   1.7661188e+02   1.5035546e+02
   2.6723658e+01   1.7616438e+02
   1.3653577e+01   3.4400927e+01
   1.0991781e+02   1.8686335e+02
   1.4150099e+02   7.2245070e+01
   7.7471594e+01   1.5482286e+02
   1.5933871e+01   1.6548975e+02
   8.8493751e+01   6.0544649e+01
   3.7039941e+01   1.0333893e+02
   1.7323188e+02   8.1624001e+01
   1.6247155e+02   1.4573396e+02
   1.2691378e+02   2.0669854e+01
   1.2064604e+02   1.7339206e+02
   3.4647955e+01   4.0634858e+01
   1.8266871e+02   6.3934816e+01
   9.1828098e+01   1.5469523e+02
   1.3170280e+02   5.6729950e+01
   1.0553154e+02   2.6501412e+01
   7.7638248e+01   7.4805156e+01
   1.6762881e+02   1.5789910e+02
   8.7056161e+01   1.8759820e+02
   8.0005742e+01   6.4554523e+01
   7.2974642e+01   1.0836632e+02
   1.7198166e+02   1.3572581e+02
   1.5218403e+02   1.6417747e+02
   9.2722254e+01   1.4403624e+01
   1.4572452e+02   8.5626583e+01
   1.0011802e+02   1.8528942e+02
   5.3259354e+01   1.6084475e+02
   1.1937863e+01   1.6938804e+02
   1.7430860e+02   9.3389020e+01
   5.8368683e+01   1.7598442e+02
   9.1369431e+01   1.4458761e+02
   1.6275623e+02   1.7120104e+02
   1.7624682e+02   2.6459378e+01
   1.2857671e+02   1.6844800e+01
   2.2599017e+01   6.0770455e+01
   1.3191807e+02   8.7012323e+01
   1.7043218e+02   1.2556873e+02
   1.0285407e+01   1.0160818e+02
   4.7953735e+01   1.0183869e+02
   4.9626049e+01   1.0843843e+02
   1.5149347e+02   1.4995058e+02
   1.3737074e+01   7.8898220e+01
   2.3965545e+01   7.6746454e+01
   1.1530072e+02   9.1644429e+01
   1.4723690e+02   9.5421012e+01
   1.3161602e+02   1.7132124e+02
   3.5016997e+01   1.8559585e+02
   1.1694570e+02   9.8104094e+01
   1.1060060e+02   1.1581977e+02
   6.3947978e+01   1.5441758e+02
   6.7269504e+01   4.2698688e+01
   9.5409700e+01   1.7693644e+02
   7.5168275e+01   4.7324363e+01
   6.4083661e+01   2.5524998e+01
   1.2438233e+02   1.6331753e+02
   1.2286823e+02   4.0132752e+01
   1.6289684e+02   9.9554615e+01
   1.0550088e+02   3.8014011e+01
   7.8238093e+01   1.7975705e+02
   3.8196718e+01   9.8791158e+01
   1.6364424e+02   3.0499325e+01
   4.6980690e+01   7.8864666e+01
   6.0504880e+01   1.4418408e+02
   9.1511778e+01   1.1026701e+02
   7.1221523e+01   1.4707420e+01
   8.9811561e+01   1.1741583e+02
   9.5593562e+01   1.3748082e+02
   1.7947276e+02   3.1368715e+01
   1.7099091e+02   1.6113471e+02
   1.3414522e+02   1.5074574e+02
   5.7541820e+01   8.4452254e+01
   1.0180181e+02   1.2080257e+02
   8.1850684e+01   1.2027659e+02
   9.7061930e+01   8.7130833e+01
   1.6047679e+01   1.7618186e+02
   1.7578648e+02   1.8260579e+02
   6.0187642e+01   1.7892355e+02
   6.0240441e+01   5.9446843e+01
   5.3885607e+01   1.1772050e+02
   1.3485962e+02   9.8122198e+01
   1.6477008e+02   1.1675140e+02
   2.5870248e+01   5.9872446e+01
   9.1387175e+01   6.1099424e+01
   1.7713356e+02   2.9591758e+01
   8.3923997e+01   1.5124637e+02
   1.5829946e+02   1.0259433e+02
   5.0811188e+01   2.2275185e+01
   8.3884959e+01   1.0563838e+02
   8.4346345e+01   1.0047091e+02
   3.0530885e+01   4.4698849e+01
   4.7561061e+01   1.2724657e+02
   9.7531785e+01   1.0107265e+02
   1.0190315e+02   1.3438666e+02
   1.5374466e+02   3.8881292e+01
   8.0605921e+01   1.9809638e+01
   2.3019299e+01   1.7857790e+02
   1.3477587e+02   2.9562431e+01
   7.7892389e+01   4.6243422e+01
   1.8514266e+02   1.8698950e+02
   9.7209254e+01   1.2125362e+02
   4.2645735e+01   1.5635611e+02
   1.5315527e+02   1.1166827e+02
   6.3907414e+01   1.0696182e+02
   8.7408388e+01   1.2260534e+02
   1.4121015e+02   1.7559835e+02
   7.4519299e+01   1.0722070e+01
   8.9059276e+01   5.3803176e+01
   1.6663362e+02   1.0061912e+02
   9.3022622e+01   1.1594985e+02
   7.9863405e+01   7.0152701e+01
   7.7570649e+01   5.2111170e+01
   6.9688654e+01   1.8441787e+02
   1.4358336e+02   1.7807068e+02
   1.7725460e+02   9.1560927e+01
   1.8673400e+02   5.9743242e+01
   1.6835970e+02   5.0684932e+01
   7.4097856e+01   2.4426400e+01
   1.1916411e+02   1.4599692e+02
   6.5873333e+01   9.7788031e+01
   7.7553667e+01   4.3827692e+01
   9.8542305e+01   3.7890251e+01
   5.6270602e+01   1.8418091e+02
   1.3387619e+02   1.4639759e+01
   6.0410875e+01   8.8529224e+01
   1.0576442e+02   1.1237390e+02
   2.6305594e+01   9.7983534e+01
   6.4373527e+01   1.3691871e+02
   1.4756055e+02   1.3598423e+02
   1.7383530e+02   1.4159708e+02
   7.9080381e+01   1.0777797e+02
   4.0376695e+01   1.4322639e+02
   1.2156132e+01   1.3074163e+02
   1.1836591e+02   2.0240724e+01
   6.1432267e+01   1.1287005e+02
   1.8331863e+02   1.7794456e+02
   1.5387911e+02   8.2382570e+01
   2.4154001e+01   9.6616469e+01
   2.1541685e+01   1.1366087e+02
   1.7133372e+02   1.5170973e+01
   1.7412017e+02   1.4708080e+02
   3.7755666e+01   8.0769342e+01
   3.3309099e+01   8.8072672e+01
   1.3308874e+02   4.8119190e+01
   1.2207725e+02   1.5037944e+02
   1.0689266e+02   1.0755098e+02
   1.7472211e+02   8.4300650e+01
   1.0396250e+02   1.4386375e+02
   2.7363658e+01   4.8396382e+01
   1.0439974e+02   1.4829654e+02
   5.2956650e+01   6.2187020e+01
   1.5455441e+02   2.5173949e+01
   6.6323923e+01   8.2236076e+01
   8.9440891e+01   1.2502326e+02
   1.1111176e+02   1.5784819e+02
   8.2940297e+01   1.1929199e+01
   1.0009005e+02   3.4167376e+01
   6.0873634e+01   9.6636986e+01
   9.7354000e+01   1.9971480e+01
   1.5620488e+02   1.6633041e+02
   1.0518774e+02   6.4985100e+01
   1.3948651e+02   1.3021479e+01
   1.5269584e+02   1.8625818e+02
   9.4283024e+01   1.0243348e+02
   2.0435653e+01   3.9773964e+01
   5.8116140e+01   1.6294866e+02
   1.5950132e+02   5.7197903e+01
   1.2977288e+02   1.5008472e+02
   1.3005493e+02   1.3869543e+02
   8.5328817e+01   1.3826225e+02
   1.3267381e+02   1.3916645e+02
   4.8849369e+01   2.0609561e+01
   1.1883011e+02   3.9225780e+01
   9.8273339e+01   1.5174684e+02
   1.4006274e+02   1.4726188e+02
   2.3520413e+01   8.6503602e+01
   2.7705676e+01   8.8923659e+01
   1.1426298e+02   1.6981555e+02
   3.9090007e+01   2.2489436e+01
   1.0883767e+02   4.0277465e+01
   3.0565451e+01   7.4868238e+01
   1.2499952e+02   1.0263737e+02
   1.0131183e+02   1.7908698e+02
   1.6045668e+02   4.3820835e+01
   1.2457867e+02   7.1359119e+01
   4.8019286e+01   2.4776135e+01
   1.7534095e+02   1.8025168e+01
   1.0011208e+01   1.4095846e+02
   1.5477402e+02   2.0308331e+01
   8.1807435e+01   2.3602502e+01
   1.2002287e+02   4.2417648e+01
   4.4444678e+01   1.3091979e+02
   8.7035828e+01   1.0019653e+02
   1.3187942e+02   1.6463000e+02
   1.6817932e+02   1.4997558e+02
   1.0521386e+02   9.5663548e+01
   6.1235162e+01   4.9592644e+01
   8.3535416e+01   3.3067112e+01
   1.4468178e+02   1.1934085e+02
   1.1478135e+02   6.9644081e+01
   2.7180931e+01   1.2181211e+02
   1.2399706e+02   1.1690134e+02
   2.2270707e+01   1.2765528e+02
   6.9230499e+01   1.4698247e+02
   4.6268477e+01   6.8464140e+01
   1.5446315e+02   8.5199703e+01
   9.8800053e+01   1.6601459e+01
   3.9315127e+01   9.6514353e+01
   8.9361988e+01   1.7587905e+02
   2.9857248e+01   1.5235650e+02
   9.5881167e+01   1.0438270e+02
   9.7047784e+01   3.9890324e+01
   1.7307400e+02   3.9030003e+01
   1.6691345e+02   1.7505371e+02
   3.5027570e+01   1.5306396e+02
   4.0106426e+01   7.9771022e+01
   3.7149490e+01   1.7000965e+02
   1.2303522e+02   5.7779000e+01
   5.2670486e+01   1.6337489e+02
   1.7559145e+01   2.4368409e+01
   1.0453702e+02   1.7485521e+02
   7.8695598e+01   1.2627099e+01
   9.3682453e+01   4.4456192e+01
   1.1853282e+02   7.8167668e+01
   1.3280887e+02   9.9398924e+01
   2.1483725e+01   1.6634767e+02
   1.0284519e+02   1.5531298e+02
   1.8405570e+02   3.6098469e+01
   1.1742043e+02   1.4307449e+02
   6.1846681e+01   1.3888679e+02
   1.0866971e+02   5.0403717e+01
   1.5806399e+02   7.0609319e+01
   8.8435095e+01   1.5790933e+02
   1.7313020e+02   4.2008235e+01
   8.6544398e+01   1.6998058e+02
   8.2122210e+01   1.0162190e+02
   2.6834354e+01   1.3870843e+02
   2.3166850e+01   1.0577376e+01
   4.2930998e+01   9.2261300e+01
   2.4660736e+01   1.7366167e+02
   1.2075361e+02   2.3778221e+01
   1.7227574e+02   8.7376056e+01
   1.8836192e+02   2.6044274e+01
   9.3728433e+01   3.3670995e+01
   1.4252109e+02   1.8303066e+02
   7.3215379e+01   1.3999806e+02
   1.0879301e+02   1.3127226e+02
   1.0284353e+01   1.6931422e+01
   9.7311540e+01   7.3840517e+01
   1.0760200e+02   1.7353558e+01
   1.0693022e+02   9.7300516e+01
   1.1245290e+02   1.0797612e+02
   1.3741813e+02   1.8409540e+02
   1.5347197e+02   1.3911001e+01
   1.3017365e+02   1.1649294e+01
   1.7288021e+02   6.6216979e+01
   1.3212119e+02   4.5253242e+01
   4.0224153e+01   1.3793372e+02
   2.7166006e+01   1.0286002e+02
   1.8341691e+02   3.3807201e+01
   6.0276958e+01   6.7535865e+01
   1.1461494e+02   1.4860490e+02
   4.3831242e+01   6.6386779e+01
   2.4382256e+01   1.1283554e+02
   9.8804266e+01   1.3369368e+01
   4.3040711e+01   4.0706697e+01
   1.3283885e+02   1.4214155e+02
   9.1282096e+01   1.3376449e+02
   1.1019004e+02   2.6654715e+01
   5.9648815e+01   5.6872477e+01
   1.6855215e+02   7.0053830e+01
   1.7034915e+02   1.5156050e+02
   1.4381833e+02   9.6027611e+01
   1.6806563e+02   5.6812400e+01
   6.6225356e+01   5.8074287e+01
   2.4461780e+01   6.4914624e+01
   8.2692191e+01   1.3819144e+02
   9.0701081e+01   1.7234816e+02
   6.2589831e+01   4.6746876e+01
   1.3470107e+02   6.8043845e+01
   1.6350411e+02   5.0511683e+01
   4.0088223e+01   1.8966122e+02
   7.9053458e+01   1.6405376e+02
   2.6185945e+01   1.3424635e+02
   1.4168259e+02   4.3199988e+01
   1.7871145e+01   2.8769918e+01
   9.3909781e+01   1.6185513e+02
   1.2660349e+02   1.0803657e+02
   1.0442932e+01   1.4346382e+02
   5.2827064e+01   1.1108254e+02
   9.3683180e+01   1.7964665e+02
   1.2813720e+02   5.7918318e+01
   1.0544092e+01   1.7661741e+02
   5.1749368e+01   1.5866313e+02
   1.3527108e+02   2.2940775e+01
   6.6601354e+01   1.3105881e+02
   9.1512998e+01   6.6114212e+01
   3.7218339e+01   1.1368533e+02
   9.0193178e+01   1.8617600e+02
   2.6544364e+01   1.6179507e+02
   1.7529447e+02   1.3296953e+02
   1.4895023e+02   1.5630875e+02
   1.1521866e+02   1.5653467e+02
   6.1266721e+01   6.3726200e+01
   4.9199328e+01   8.9744882e+01
   1.1535785e+02   1.8101088e+02
   7.4033027e+01   1.5002100e+02
   1.1270977e+02   7.8906970e+01
   1.4054504e+02   1.7131997e+02
   6.1280643e+01   9.2183604e+01
   1.4754730e+01   1.6900788e+02
   8.4161790e+01   2.1761122e+01
   1.4633647e+02   7.4989118e+01
   4.1644700e+01   2.5375720e+01
   1.3775421e+02   8.1364779e+01
   1.0153102e+02   3.9724478e+01
   1.6540937e+02   6.1326187e+01
   8.9575785e+01   8.6158175e+01
   9.4404035e+01   5.9236070e+01
   1.4676230e+02   5.5548032e+01
   5.3650764e+01   1.7453148e+02
   1.5263092e+02   9.6167419e+01
   1.8885635e+02   1.8975225e+02
   1.7926813e+02   1.4936308e+02
   3.5310038e+01   1.8203267e+02
   8.9287292e+01   7.0889113e+01
   7.9070539e+01   2.2633485e+01
   1.7971854e+02   3.4299832e+01
   1.1265067e+02   9.7110440e+01
   1.4911890e+02   1.6564525e+02
   1.7353197e+02   6.9943282e+01
   1.2334540e+02   9.2692358e+01
   1.3930003e+02   1.6779703e+02
   8.6195369e+01   1.7947377e+01
   1.8167484e+02   1.6245049e+02
   6.7001836e+01   1.9931876e+01
   1.7847737e+02   4.7244850e+01
   1.0651322e+02   1.1563860e+02
   1.4228713e+02   1.1704581e+02
   1.0696435e+01   4.0569832e+01
   6.2930096e+01   1.2709506e+02
   9.4800415e+01   7.8879699e+01
   2.9423268e+01   1.2581558e+02
   7.7580864e+01   1.1365205e+02
   4.7585101e+01   7.3357403e+01
   1.7919384e+02   1.0621148e+02
   1.5646876e+02   4.4877818e+01
   4.2451381e+01   1.3488073e+02
   1.5967717e+02   1.1668335e+02
   1.0119192e+01   3.6809347e+01
   1.0854977e+02   1.0437784e+02
   1.4317976e+02   3.3928912e+01
   1.5696738e+02   6.2219459e+01
   7.3661870e+01   8.3898266e+01
   1.0733103e+02   1.1967979e+02
   5.7630483e+01   1.1154883e+02
   4.9384412e+01   1.7342225e+01
   4.6237965e+01   1.1154979e+02
   4.4519192e+01   2.3442594e+01
   1.6028475e+02   1.5089325e+02
   1.5790736e+02   1.1914495e+02
   1.8968513e+02   5.4188007e+01
   5.9333514e+01   8.0508278e+01
   1.6519993e+02   1.3120486e+02
   1.0385911e+02   7.2432394e+01
   9.4735639e+01   1.2877243e+02
   1.6479593e+02   1.3434527e+02
   4.9845689e+01   8.3569803e+01
   7.6847630e+01   1.1140376e+02
   1.6085609e+02   9.1389229e+01
   1.4691581e+02   1.1733518e+02
   1.0626097e+02   1.2979159e+01
   1.9238786e+01   1.6451109e+02
   1.2010046e+02   1.1919010e+02
   1.1119143e+02   1.5539476e+01
   5.9372287e+01   3.3793451e+01
   1.7995512e+02   7.0813898e+01
   1.3647125e+01   1.1804242e+02
   1.2134713e+02   1.1114497e+02
   1.0677829e+02   1.7184537e+02
   1.3746566e+02   1.5850820e+02
   7.2251129e+01   1.7724272e+02
   1.7996385e+02   7.8937853e+01
   7.7821611e+01   1.4140559e+02
   1.7573409e+02   1.6415884e+02
   4.7240885e+01   9.4768071e+01
   1.1144342e+02   9.2131658e+01
   1.2974680e+02   1.3020160e+02
   1.3578116e+02   1.8700516e+02
   1.0540557e+02   1.5083416e+02
   1.1785933e+02   1.1428531e+02
   1.3477414e+01   1.3928201e+02
   1.8534502e+02   1.3677419e+02
   1.8207522e+02   1.1113191e+02
   1.7001513e+02   8.6302184e+01
   1.8974556e+02   1.6673311e+02
   1.8295897e+02   5.9637608e+01
   1.1463937e+02   1.3213910e+02
   1.2926874e+02   1.3507414e+02
   5.8752947e+01   1.8114164e+02
   1.2585102e+01   3.7368081e+01
   1.5995194e+01   8.2400266e+01
   1.2528615e+02   4.9617391e+01
   1.5165570e+02   1.6687744e+02
   3.2567230e+01   1.8962325e+02
   1.5138654e+02   1.2450293e+02
   1.6042223e+02   1.4841080e+02
   1.0242409e+02   1.8652081e+02
   1.0921805e+02   6.7305311e+01
   1.3767627e+02   1.0724937e+01
   1.1122756e+02   1.6023793e+02
   2.2920064e+01   1.2327401e+02
   1.1403752e+02   1.2941134e+02
   6.3245769e+01   9.4333430e+01
   9.0274295e+01   1.3107815e+02
   1.4114157e+02   1.0765627e+02
   7.6561419e+01   1.6692479e+02
   7.4114544e+01   9.8870780e+01
   1.7468382e+02   2.0744377e+01
   1.2379129e+02   8.7482030e+01
   1.7082147e+02   5.9725783e+01
   4.9652434e+01   4.0151333e+01
   1.3058690e+02   2.8460323e+01
   1.5441075e+02   4.1629013e+01
   1.3615624e+02   1.0639789e+02
   1.4963081e+02   9.4053254e+01
   5.9843292e+01   1.1893328e+02
   1.8069625e+01   9.9733130e+01
   1.2925305e+02   6.3727283e+01
   9.5995231e+01   1.2396021e+02
   8.9763762e+01   6.4284123e+01
   6.1984870e+01   5.5856751e+01
   1.6590138e+02   6.9347068e+01
   1.6634542e+02   8.1225173e+01
   2.9053073e+01   5.4695633e+01
   7.9251108e+01   7.9194505e+01
   9.1709243e+01   1.0261280e+02
   9.7088810e+01   1.2817686e+02
   1.3505255e+02   1.4613115e+02
   5.6954958e+01   1.2101839e+02
   4.8598100e+01   1.6511249e+02
   1.0505653e+02   1.5706931e+02
   9.6987042e+01   2.6383528e+01
   7.3165617e+01   1.2478747e+02
   1.3236197e+02   1.5370937e+02
   1.7092251e+02   1.1709637e+02
   6.6278733e+01   1.3367861e+02
   8.5850923e+01   5.4267675e+01
   1.3490163e+02   7.2327480e+01
   5.5204628e+01   1.1557711e+02
   1.8315921e+02   1.5018026e+02
   4.4741130e+01   5.5870340e+01
   6.4813467e+01   1.5184911e+02
   6.9672988e+01   4.4130930e+01
   3.4221404e+01   1.2689182e+02
   9.7843228e+01   1.3830121e+02
   1.8021578e+02   1.1531628e+02
   1.6211529e+02   3.3307181e+01
   1.1168828e+02   8.7758032e+01
   9.7006604e+01   3.1523778e+01
   1.4221306e+02   1.5826927e+02
   4.7787788e+01   1.1882242e+02
   1.1234406e+02   3.7473332e+01
   1.1939348e+02   8.7834024e+01
   1.8845341e+02   3.8532814e+01
   1.6075683e+02   8.7252250e+01
   1.5065000e+02   1.7165308e+02
   4.9521592e+01   1.8542766e+02
   1.5328558e+02   7.8634363e+01
   6.2145748e+01   1.3610386e+02
   6.6092227e+01   1.1290933e+02
   1.8096336e+02   2.9370496e+01
   1.0672351e+02   8.4240660e+01
   1.0262583e+02   2.5071584e+01
   3.0322065e+01   1.3915082e+02
   2.2267249e+01   1.6066961e+02
   3.5852648e+01   1.6138239e+02
   1.4468964e+02   2.3087075e+01
   6.4832573e+01   3.6583968e+01
   1.7539641e+02   1.1697743e+02
   1.9707388e+01   1.0351516e+02
   5.3758590e+01   3.5719612e+01
   2.7928436e+01   6.1545987e+01
   5.2329882e+01   1.9967175e+01
   1.7837779e+02   5.0836316e+01
   1.8319429e+02   1.7545810e+02
   9.5575717e+01   1.3108461e+02
   1.2344461e+02   1.1987608e+02
   1.3139177e+02   1.1388441e+02
   1.0047401e+02   7.7636175e+01
   1.3915098e+02   1.4073447e+02
   5.6621084e+01   1.6054544e+02
   1.8246819e+02   1.2843584e+01
   4.0908490e+01   1.4045889e+02
   1.4912779e+01   7.1889121e+01
   4.5650204e+01   1.6546371e+02
   9.3706639e+01   1.5295273e+02
   1.6765727e+02   1.8453114e+02
   1.1212041e+02   1.1886338e+02
   1.2538172e+02   1.3613517e+02
   1.4543170e+02   1.7091586e+02
   3.0931139e+01   6.8550702e+01
   1.5726359e+02   1.8059708e+02
   4.2878166e+01   1.8991963e+02
   6.7444815e+01   1.2672987e+02
   4.3629822e+01   1.2462745e+02
   1.6643552e+02   4.8858995e+01
   1.2069486e+02   5.9028703e+01
   1.2756680e+02   8.6470850e+01
   1.4840796e+02   1.8873442e+02
   6.8130308e+01   5.6674282e+01
   1.4769188e+02   1.0481605e+02
   1.3060182e+01   1.8342237e+02
   2.1458011e+01   7.1278214e+01
   2.4766352e+01   5.0166204e+01
   5.8777753e+01   4.2976847e+01
   1.2137089e+02   6.4385241e+01
   1.8189635e+02   4.4647873e+01
   1.6982428e+02   1.6900540e+02
   1.0326443e+01   2.1400901e+01
   1.6342704e+02   1.0855251e+01
   1.5345157e+02   7.1334499e+01
   1.4741645e+02   8.8090110e+01
   1.1028947e+02   7.8569902e+01
   8.9687141e+01   2.1653713e+01
   1.8358328e+02   8.4200476e+01
   1.0454228e+02   5.3504625e+01
   1.3667578e+01   1.0707149e+02
   7.0181519e+01   1.5097243e+02
   1.1621878e+02   1.1812091e+02
   1.8542996e+02   1.0772919e+02
   4.0504682e+01   1.5064414e+02
   2.1896911e+01   7.8460783e+01
   1.2079492e+02   4.6928613e+01
   2.9343274e+01   1.1439537e+02
   1.7503678e+02   9.7188838e+01
   2.6894655e+01   1.1082399e+02
   1.3054159e+02   9.4322182e+01
   7.1961570e+01   1.2276849e+02
   1.2412904e+02   3.5494213e+01
   1.3067188e+02   1.8009798e+02
   8.2403169e+01   1.7395898e+02
   7.5967525e+01   1.7148697e+02
   4.9690105e+01   7.6373730e+01
   3.8169455e+01   1.5173484e+02
   1.1949096e+02   2.9696783e+01
   1.3107762e+02   4.2202238e+01
   8.8120167e+01   4.2130954e+01
   5.8739892e+01   1.0199737e+02
   1.3557245e+02   8.9525879e+01
   1.1796941e+02   1.7360264e+01
   6.1957322e+01   7.3489649e+01
   2.0806044e+01   7.5046933e+01
   1.8293520e+02   4.9108856e+01
   1.5715690e+02   1.4327977e+02
   1.4771603e+02   9.8886588e+01
   1.2744743e+02   1.8331736e+02
   7.7094586e+01   1.2195326e+02
   7.2382994e+01   1.5679305e+02
   9.1047874e+01   3.2465465e+01
   1.8961474e+02   1.3602956e+02
   1.7845336e+02   1.8367556e+02
   7.0306968e+01   5.7680416e+01
   1.6174367e+02   9.6734261e+01
   6.6784654e+01   1.8897657e+02
   4.3977694e+01   7.1320417e+01
   1.7847937e+01   5.3210472e+01
   1.4290605e+02   1.4217108e+02
   1.3446263e+02   4.5284787e+01
   7.9585550e+01   1.5131570e+02
   7.8306301e+01   1.8878317e+02
   1.5707861e+02   3.4246930e+01
   1.1717417e+02   1.7213506e+02
   2.4116138e+01   1.3667807e+02
   1.0649440e+02   9.3093559e+01
   3.3791872e+01   1.2266724e+01
   1.2462381e+02   1.7584095e+02
   1.6136375e+02   4.7085818e+01
   1.2485988e+01   1.5785009e+01
   1.1667223e+01   9.6519959e+01
   1.0181479e+01   1.4797482e+02
   4.2606803e+01   1.3829183e+02
   5.8540497e+01   1.3768501e+02
   1.1986921e+02   8.5139642e+01
   1.7774786e+02   8.6433781e+01
   5.8271126e+01   1.2009683e+01
   1.3308977e+02   1.0635447e+02
   7.4475137e+01   4.3878363e+01
   1.5596037e+02   7.3669653e+01
   1.2395908e+02   6.2594758e+01
   6.3632102e+01   1.5951496e+02
   7.9890586e+01   1.8582129e+02
   1.8306005e+02   1.4294116e+02
   7.5016833e+01   3.0582589e+01
   8.2588805e+01   7.6990627e+01
   1.7060844e+02   4.6242798e+01
   7.3038571e+01   8.8950309e+01
   2.7020715e+01   1.6473642e+02
   9.8792598e+01   1.1203607e+02
   7.9036166e+01   1.7962478e+01
   8.2310750e+01   5.3461963e+01
   1.7917392e+02   6.3178026e+01
   1.8897659e+02   1.1607861e+02
   1.2097013e+02   2.6295667e+01
   6.1887674e+01   2.8621399e+01
   1.8769291e+02   1.4023058e+02
   1.7734439e+02   1.5293229e+01
