   1.4852137e+02   4.7395200e+01
   5.6557675e+01   1.7403067e+02
   1.3007394e+02   1.4814692e+02
   3.5834776e+01   1.0350146e+02
   5.1565781e+01   7.7053289e+01
   1.7833201e+02   1.1765839e+02
   3.8733348e+01   9.1201200e+01
   6.7457894e+01   7.2857173e+01
   1.4892417e+02   1.3361677e+02
   4.9908435e+01   1.8545201e+02
   4.6496547e+01   8.8647202e+01
   9.3270886e+01   2.2224948e+01
   1.8394719e+02   1.5942900e+02
   1.3004189e+02   3.9751261e+01
   1.5122751e+02   4.1731998e+01
   8.1176251e+01   8.4784108e+01
   4.8583656e+01   1.0785587e+02
   7.4487971e+01   2.2045847e+01
   1.7236541e+01   5.5864928e+01
   1.4024867e+02   1.6215434e+02
   1.4952673e+02   1.5575624e+02
   1.8050192e+02   5.3346392e+01
   2.4773260e+01   4.9639061e+01
   1.8584466e+02   1.7406149e+02
   1.2369166e+02   1.8861423e+02
   1.1575750e+02   8.0868245e+01
   6.9972167e+01   1.3196771e+02
   1.3170794e+02   7.6798261e+01
   9.1633810e+01   1.3473128e+02
   7.2547110e+01   3.6061068e+01
   7.5493489e+01   1.5184534e+02
   1.8035873e+02   2.4659040e+01
   1.7195434e+02   1.5438108e+02
   1.4332500e+02   6.1046450e+01
   1.3449632e+02   2.7426857e+01
   1.6222031e+02   1.2685561e+02
   1.3307535e+02   9.3110574e+01
   1.5961375e+02   1.2161364e+02
   1.6885684e+02   2.1319752e+01
   1.2831311e+02   1.8377531e+02
   2.5190097e+01   3.9230917e+01
   1.2721391e+02   5.3356452e+01
   8.3734784e+01   9.5945627e+01
   1.3136899e+01   1.3448302e+02
   1.1271767e+02   1.7748838e+02
   6.5278892e+01   1.5707645e+01
   1.0859503e+02   1.0375345e+02
   1.5162653e+02   1.2988071e+02
   1.8753423e+02   1.3449084e+02
   1.0900888e+02   1.2324764e+02
   1.8466358e+02   3.2532219e+01
   1.3907912e+02   1.5365267e+02
   5.4275784e+01   5.5799186e+01
   1.8514515e+02   1.8472771e+02
   3.0720953e+01   1.8524597e+02
   6.0794574e+01   1.4164247e+02
   1.5737728e+01   1.4455785e+02
   1.7948852e+02   1.0442023e+02
   1.2964681e+02   1.1244547e+02
   1.6648983e+02   6.3398510e+01
   1.1924721e+01   8.6825743e+01
   5.2106651e+01   9.0530634e+01
   1.0601689e+02   1.1626678e+02
   1.3630857e+02   1.3373079e+01
   2.8579421e+01   1.2539598e+02
   1.6649391e+02   5.1636289e+01
   8.7595216e+01   1.8776719e+02
   4.1846228e+01   1.3886459e+02
   1.5445216e+01   3.8280322e+01
   1.2847862e+02   1.1936204e+02
   1.2864857e+02   9.0941541e+01
   4.5495671e+01   4.7310067e+01
   7.2705823e+01   1.3676791e+02
   2.8150753e+01   1.1336647e+02
   1.6033055e+02   2.0380074e+01
   2.2215094e+01   3.0701665e+01
   1.7547354e+01   6.1500448e+01
   5.1774904e+01   1.7513256e+02
   7.7434952e+01   1.2240204e+02
   9.8311707e+01   1.3820466e+02
   1.8144599e+02   4.4391337e+01
   1.1604341e+02   1.4414886e+02
   6.7546546e+01   1.4147220e+02
   1.2354764e+02   1.7210349e+02
   8.4756962e+01   6.1562204e+01
   1.7974006e+02   6.8896500e+01
   1.8949905e+02   1.8501964e+02
   1.4628234e+02   3.8112766e+01
   1.5622585e+02   1.8608161e+02
   8.2143899e+01   2.9881448e+01
   1.5239045e+02   2.0510116e+01
   7.6290949e+01   1.6920853e+02
   1.3438879e+02   1.1242986e+02
   1.7909971e+02   6.5110639e+01
   1.5384976e+02   8.0578067e+01
   1.1235086e+02   1.6729371e+02
   1.3260725e+02   5.4892696e+01
   1.8844504e+02   1.3829971e+02
   2.0540899e+01   9.0633899e+01
   1.4493604e+02   2.7204859e+01
   6.1875573e+01   9.1487700e+01
   1.6771321e+02   1.6147124e+02
   1.1367174e+02   1.5053861e+02
   1.2214522e+02   7.1680473e+01
   2.0071750e+01   1.4843295e+02
   7.8061405e+01   2.8293477e+01
   1.2100476e+02   5.4556897e+01
   9.3203308e+01   2.7418525e+01
   1.5565329e+02   1.0260021e+02
   1.5522963e+02   1.4703993e+01
   1.2796369e+02   7.2913527e+01
   1.7140916e+02   1.6322926e+02
   3.6365085e+01   5.5318991e+01
   1.5141251e+02   9.1752350e+01
   6.0065083e+01   1.6549925e+02
   1.8989363e+02   1.5466381e+02
   3.6800103e+01   1.1009129e+02
   1.4728835e+02   1.4561003e+02
   1.8087356e+02   1.1264614e+02
   2.8504973e+01   1.1728864e+02
   1.7832480e+02   1.8343858e+02
   1.2796376e+02   1.6349849e+02
   1.0513369e+02   3.5477717e+01
   1.6203045e+02   7.3415292e+01
   1.8314051e+02   4.1055610e+01
   8.0065251e+01   1.5540694e+02
   6.5411432e+01   2.4245983e+01
   1.8074574e+02   4.9054850e+01
   1.1728594e+02   2.4233065e+01
   1.5963639e+02   1.4289049e+02
   7.4961923e+01   3.9301715e+01
   1.6459694e+02   1.5642330e+01
   9.8189866e+01   4.9052727e+01
   5.7356789e+01   1.9701561e+01
   1.2215341e+02   1.0600277e+02
   1.5830689e+02   5.6370006e+01
   1.5357721e+02   1.3565187e+02
   1.1880241e+01   1.8111702e+02
   8.1911562e+01   1.7176652e+01
   8.5325818e+01   7.5289591e+01
   1.3030218e+02   1.0695726e+02
   1.7378248e+02   1.5808665e+02
   3.8901636e+01   6.4633994e+01
   3.8410181e+01   7.4631871e+01
   1.5927599e+02   4.5654697e+01
   5.9224431e+01   7.9600350e+01
   1.1794158e+02   5.9990313e+01
   1.0503692e+01   1.5426244e+02
   1.1350463e+01   4.6130701e+01
   1.0598801e+02   4.7229923e+01
   1.8334241e+02   1.0107841e+02
   1.9544384e+01   1.8009642e+02
   6.4967018e+01   9.8043684e+01
   1.1156422e+02   1.7228134e+02
   1.3642449e+02   1.1985368e+02
   1.5420456e+01   1.0996627e+02
   1.0609457e+02   1.5171006e+02
   4.4275710e+01   1.0053563e+02
   1.4652616e+02   1.9715538e+01
   1.8075978e+02   3.1309579e+01
   8.0499010e+01   7.2382290e+01
   6.2144786e+01   1.2054310e+02
   1.4720529e+02   5.6635424e+01
   8.2287280e+01   1.7427819e+02
   2.0050741e+01   1.7618036e+02
   1.0591288e+02   1.1891701e+01
   6.5186406e+01   1.7313540e+02
   1.7181420e+01   1.3349740e+02
   5.8350351e+01   4.1708994e+01
   1.3792537e+02   8.0215896e+01
   8.0906351e+01   1.0889290e+02
   9.8553846e+01   1.1397758e+02
   9.6398931e+01   3.2955067e+01
   1.7148343e+02   9.9864437e+01
   7.3503382e+01   1.7537710e+02
   9.8612652e+01   1.0017802e+02
   9.7939575e+01   1.3265135e+02
   5.1226884e+01   1.1624333e+02
   1.0534101e+02   1.0879590e+02
   1.0256016e+02   1.2173011e+02
   1.3506045e+02   1.6829275e+02
   8.2983139e+01   1.1924014e+02
   5.3749525e+01   1.0090277e+02
   1.6416143e+02   2.0324189e+01
   3.2581456e+01   2.8129879e+01
   1.1279820e+02   1.3795884e+02
   1.1126254e+02   2.6184722e+01
   5.3455230e+01   1.2438342e+02
   1.8075165e+02   1.3670616e+02
   8.2836574e+01   3.7370367e+01
   3.7464789e+01   1.2800898e+02
   1.6348446e+01   8.0292472e+01
   1.3327312e+02   1.8154555e+02
   8.5879536e+01   5.4799790e+01
   1.7012552e+02   4.8582178e+01
   1.2183888e+02   7.5996164e+01
   1.7796067e+02   1.5022849e+02
   1.0371077e+02   1.5703673e+02
   1.2749776e+02   1.7511901e+02
   1.6943698e+02   8.5319101e+01
   1.6624522e+02   2.9553117e+01
   2.7280591e+01   1.6900891e+02
   8.5840981e+01   1.8162699e+02
   9.7774535e+01   1.5191111e+02
   9.6230628e+01   8.4427384e+01
   3.2509680e+01   8.3126096e+01
   1.2122531e+02   1.1806285e+02
   6.9648893e+01   1.1553647e+02
   1.3039896e+02   2.3364389e+01
   1.1532722e+02   9.7751307e+01
   1.7291962e+02   3.7182249e+01
   6.9970949e+01   8.8936576e+01
   8.5094730e+01   1.4620107e+02
   1.8783379e+02   8.7674498e+01
   1.1756230e+02   3.3665081e+01
   1.2386345e+01   1.2259412e+02
   1.8270295e+02   1.7159407e+02
   1.5043871e+02   8.6894369e+01
   1.3858792e+02   2.3530845e+01
   1.1764327e+02   1.2374325e+02
   7.8758356e+01   9.9712613e+01
   8.1804724e+01   1.0225144e+01
   1.4383111e+02   7.6785895e+01
   1.3454391e+02   3.7630989e+01
   2.9778432e+01   1.9283742e+01
   7.5310819e+01   1.6263200e+02
   3.4388033e+01   4.7092434e+01
   4.8409604e+01   5.4383841e+01
   1.1225935e+02   1.6224455e+02
   1.1016921e+02   5.4379852e+01
   4.6587677e+01   1.1583088e+02
   1.8307873e+01   9.7037359e+01
   1.8142168e+02   6.0316397e+01
   1.7837140e+02   1.4047047e+02
   1.4460260e+02   8.3918496e+01
   5.8979676e+01   6.0404033e+01
   7.9420721e+01   1.7923946e+02
   1.8731859e+02   7.6667514e+01
   1.1405867e+01   3.3546888e+01
   1.2095917e+02   6.2843666e+01
   1.3475584e+02   1.3814881e+02
   1.3239520e+02   1.2625764e+02
   1.5153646e+01   1.3372930e+01
   8.5779798e+01   1.5123163e+02
   1.8110654e+02   9.0294710e+01
   2.7714370e+01   1.7996105e+02
   1.6951597e+02   9.2979454e+01
   1.4459377e+02   4.4754415e+01
   1.4261627e+02   1.0656041e+02
   1.1983682e+02   9.1783277e+01
   4.1741102e+01   7.8121803e+01
   4.7295303e+01   1.5195501e+02
   1.8548102e+02   6.7491293e+01
   1.3057987e+02   1.0298127e+02
   1.8785033e+02   5.3770040e+01
   1.4709778e+02   1.2911750e+02
   1.8683492e+02   1.6618367e+02
   1.1098423e+02   1.2725766e+02
   1.4927975e+02   1.3966138e+02
   2.6487930e+01   6.6072419e+01
   4.2442803e+01   1.1502385e+02
   1.1428490e+02   5.8193545e+01
   3.3606253e+01   1.3100416e+02
   5.1812178e+01   1.7187290e+01
   1.0329282e+01   1.2037020e+01
   7.4432826e+01   2.6925504e+01
   1.2823022e+02   1.5724843e+02
   3.7035622e+01   1.7053236e+02
   1.0177645e+02   1.4285367e+02
   9.5965821e+01   9.3644379e+01
   1.7994975e+02   3.8575166e+01
   1.3829606e+02   1.0834391e+02
   5.4593053e+01   1.4913306e+02
   9.2717277e+01   5.6563019e+01
   6.5283927e+01   1.3839964e+02
   1.2545587e+02   1.5955638e+02
   1.6360148e+02   1.4104299e+02
   8.1245121e+01   2.2172298e+01
   3.9732471e+01   1.8778818e+02
   5.7368752e+01   4.6951965e+01
   1.7438946e+02   6.2238215e+01
   5.7815879e+01   1.0118271e+02
   1.1461387e+02   1.5254490e+01
   2.1115864e+01   1.8918568e+02
   1.1877386e+02   1.5949825e+02
   7.5487386e+01   1.4639289e+02
   1.2038309e+02   1.6428713e+02
   1.2119890e+02   1.3466936e+02
   8.9449307e+01   2.3939918e+01
   2.5907018e+01   2.9001656e+01
   9.3350802e+01   1.5977110e+02
   5.1452127e+01   1.3757446e+02
   1.2356291e+02   1.4078863e+02
   4.9447646e+01   7.1493589e+01
   9.6863245e+01   5.5700467e+01
   1.5136222e+02   3.7114500e+01
   2.6356315e+01   1.0403027e+02
   1.0411557e+02   6.5367404e+01
   9.9713830e+01   8.6848761e+01
   1.7873477e+02   1.1573547e+01
   6.3448908e+01   6.0167513e+01
   4.0716764e+01   1.1924011e+02
   1.7708681e+02   1.5468462e+02
   6.6733369e+01   5.6359599e+01
   5.6816622e+01   9.5553873e+01
   9.9358971e+01   1.0773656e+02
   4.4467440e+01   1.2578446e+02
   4.9972720e+01   1.4680671e+02
   5.9002152e+01   1.2608196e+02
   4.0811100e+01   5.9190374e+01
   1.4744314e+01   1.7197414e+02
   2.3023953e+01   2.6065249e+01
   1.0164036e+02   3.9000672e+01
   8.9956661e+01   3.0234040e+01
   1.7724055e+02   1.1346795e+02
   5.9150150e+01   1.1105471e+01
   7.2175612e+01   1.5629027e+02
   1.7393339e+02   1.1648357e+02
   1.5982976e+02   9.3243401e+01
   2.5309653e+01   2.0854905e+01
   1.3445012e+02   1.0415616e+02
   1.7515016e+02   9.1926754e+01
   3.2984625e+01   8.9601598e+01
   1.1512904e+02   1.3270420e+02
   1.7273324e+02   1.3085170e+02
   1.1063118e+02   1.4558589e+01
   1.4677640e+02   8.0797786e+01
   9.0800441e+01   5.1097686e+01
   1.5407930e+02   1.7467723e+02
   1.3827394e+02   1.8853013e+02
   3.9581787e+01   1.4292445e+02
   5.7302708e+01   1.5971417e+01
   7.9354618e+01   1.2879671e+01
   7.2654015e+01   1.0095008e+02
   1.0592365e+02   8.2518816e+01
   3.5970723e+01   1.6351594e+02
   1.8219486e+02   7.6031881e+01
   1.8986746e+02   1.0790487e+02
   1.5494190e+02   1.5136401e+02
   1.2993606e+02   2.7813244e+01
   1.5095344e+02   5.8159275e+01
   6.9409317e+01   1.7561461e+02
   1.6831941e+02   1.2257783e+02
   6.6988937e+01   1.0183932e+02
   2.0466411e+01   1.2176581e+02
   5.6705112e+01   6.6295403e+01
   2.6403520e+01   3.5621476e+01
   1.4696530e+02   3.2672750e+01
   1.4792806e+02   1.0500041e+02
   3.8419214e+01   7.0344762e+01
   1.4466447e+02   1.3671483e+02
   5.3392098e+01   1.0819701e+02
   8.2568152e+01   1.0509969e+02
   2.8960487e+01   8.7957396e+01
   1.7673567e+02   1.7990094e+02
   2.3591202e+01   1.5278407e+02
   1.6863603e+02   4.0195597e+01
   1.0432838e+02   9.2219599e+01
   1.8381318e+02   1.1478796e+02
   1.8315443e+02   1.3243438e+02
   9.4109896e+01   1.8126279e+02
   1.7037697e+02   5.9919774e+01
   6.4465136e+01   4.5115324e+01
   8.0765764e+01   1.8388185e+02
   1.7566341e+02   5.5867648e+01
   9.1338428e+01   7.1433013e+01
   8.0572221e+01   6.3926194e+01
   3.3671863e+01   1.2995752e+01
   1.4310251e+02   1.7904713e+01
   5.1282930e+01   4.1318908e+01
   6.0559119e+01   2.5729318e+01
   1.7367348e+02   8.0428880e+01
   1.7164389e+02   1.4350442e+02
   6.7430072e+01   3.3396038e+01
   1.4989801e+02   1.7887073e+02
   1.1085221e+01   1.7601299e+02
   1.7328755e+02   6.5861309e+01
   1.1952580e+02   9.5656681e+01
   5.4214817e+01   1.5389249e+02
   3.9002527e+01   1.3512012e+02
   1.2446143e+02   5.0624547e+01
   1.9833047e+01   1.1665232e+01
   1.0706076e+02   1.5862428e+02
   1.0568670e+02   1.6372673e+02
   1.5624187e+02   2.1909696e+01
   1.1189477e+02   1.8439006e+02
   1.3711378e+02   1.7619019e+02
   8.2992480e+01   2.6012354e+01
   5.0543834e+01   1.6319845e+02
   1.1858917e+02   1.8906604e+01
   1.4283387e+02   1.1397715e+02
   8.0321395e+01   1.6509307e+02
   1.8675476e+02   1.8796830e+02
   1.5461632e+02   9.8671682e+01
   6.1612486e+01   9.5946370e+01
   9.2056799e+01   1.7675449e+02
   2.0965280e+01   5.0123838e+01
   1.4874005e+01   9.3431154e+01
   1.4401820e+02   1.4774745e+02
   9.9593883e+01   1.7303637e+02
   1.3821968e+02   3.3464176e+01
   2.2286735e+01   7.7732101e+01
   7.0070583e+01   1.1061769e+02
   2.8331603e+01   7.7720912e+01
   1.6027697e+02   1.3336303e+02
   1.3945572e+02   1.0216192e+02
   1.1301341e+02   6.6676590e+01
   1.0631422e+02   1.8938727e+02
   1.6784453e+02   7.0419023e+01
   5.5539337e+01   1.4000308e+02
   4.0565688e+01   1.6839855e+02
   9.0595401e+01   1.6327395e+02
   3.7266566e+01   2.0620469e+01
   7.1826181e+01   7.2469798e+01
   2.0643005e+01   5.3905802e+01
   1.1331473e+02   9.4172683e+01
   1.2552088e+02   1.2631465e+02
   2.3174634e+01   9.4237993e+01
   1.7052292e+01   1.2810825e+02
   1.8748024e+02   1.6137916e+02
   8.3160902e+01   1.5730396e+02
   6.9350737e+01   9.3731910e+01
   1.8258268e+02   3.6000978e+01
   1.6388097e+02   1.1891720e+02
   1.2344723e+02   4.5147883e+01
   5.9945142e+01   3.7182977e+01
   6.2141669e+01   2.2468729e+01
   1.1126002e+02   1.0790643e+02
   1.3230708e+01   1.6516104e+02
   8.4120939e+01   5.1123067e+01
   8.8918702e+01   3.6326126e+01
   1.1507737e+02   1.8852782e+02
   3.3633970e+01   1.4066698e+02
   8.8680178e+01   1.0719371e+02
   3.2383834e+01   6.5940638e+01
   1.0350543e+02   1.0457002e+02
   9.6920669e+01   1.5552010e+02
   7.6242751e+01   1.5434568e+01
   6.0786568e+01   1.8239908e+02
   3.6674865e+01   1.0579741e+01
   1.1663672e+01   7.0548032e+01
   8.4705872e+01   1.6438220e+02
   6.2811018e+01   1.8877757e+02
   8.8386143e+01   6.7459907e+01
   3.4362874e+01   1.8694815e+02
   1.8892929e+02   1.4724190e+02
   1.0678179e+02   4.3114001e+01
   5.8444393e+01   1.0784447e+02
   1.2694953e+02   1.1530735e+02
   1.3346949e+02   1.5538993e+02
   4.5823770e+01   1.6472585e+02
   8.4885284e+01   8.0350454e+01
   8.9210046e+01   1.2848182e+02
   1.0116025e+02   1.2894094e+01
   1.1228491e+01   3.8263592e+01
   4.0450399e+01   2.5266873e+01
   9.9373744e+01   7.6046445e+01
   1.3619857e+02   2.0119001e+01
   4.4561123e+01   1.7151339e+02
   5.3075726e+01   1.2360815e+01
   8.8827275e+01   1.5667241e+01
   8.1253621e+01   1.1284111e+02
   1.8721676e+02   5.9351515e+01
   1.8970004e+02   1.1728113e+02
   9.6995983e+01   1.8519792e+02
   8.8954584e+01   1.5944157e+02
   1.0231732e+02   1.1462859e+02
   9.2480404e+01   9.5152720e+01
   1.7632676e+02   1.2737239e+02
   1.7901484e+02   1.7596002e+02
   9.1282448e+01   1.2096836e+02
   4.5253366e+01   1.5818689e+02
   1.1345321e+02   1.1895425e+02
   3.7667710e+01   8.7561162e+01
   6.8717457e+01   1.3695631e+02
   1.8032011e+02   9.5485039e+01
   1.8446045e+02   1.1010909e+02
   1.6756285e+02   1.7871175e+02
   1.3617141e+02   1.1562502e+02
   1.1527787e+02   1.0858732e+02
   9.1011950e+01   9.0606447e+01
   1.4075041e+02   3.8306473e+01
   4.6569486e+01   1.3882572e+01
   1.8411972e+02   1.4902613e+01
   1.7266237e+02   1.7672182e+02
   1.3369311e+02   1.6165160e+01
   9.0054051e+01   8.0240421e+01
   1.3816706e+02   9.0370937e+01
   1.5361261e+01   7.4406756e+01
   9.0537628e+01   1.5060310e+02
   6.8094711e+01   1.8410058e+02
   1.6604776e+02   8.1266240e+01
   1.2606112e+02   9.8309618e+01
   3.0557802e+01   3.3521587e+01
   2.4761625e+01   1.7455655e+02
   1.1831990e+02   4.7566088e+01
   1.7154771e+02   1.1092264e+02
   1.0181344e+02   3.0061297e+01
   2.6298780e+01   4.4702118e+01
   1.9921889e+01   1.6367313e+02
   5.5849985e+01   1.3593214e+02
   1.3376595e+01   2.0663013e+01
   2.8723336e+01   1.3276377e+02
   1.9334536e+01   1.1165058e+02
   1.7374085e+02   1.8770113e+02
   1.2805745e+02   8.6923048e+01
   1.6238172e+02   7.7286805e+01
   5.7289959e+01   3.1875644e+01
   1.8911834e+02   6.8015748e+01
   1.2026056e+02   6.6758621e+01
   1.1806255e+02   1.0448936e+02
   1.6368150e+02   8.5810874e+01
   1.4454167e+02   1.7265282e+02
   4.9959984e+01   8.1521791e+01
   3.5452826e+01   5.1252949e+01
   7.6185197e+01   5.2775208e+01
   6.9986645e+01   5.1495594e+01
   4.3215509e+01   1.8276640e+02
   8.7252131e+01   1.7006865e+02
   6.4264306e+01   1.4923188e+02
   1.8153884e+02   1.8128836e+01
   1.5752699e+02   1.5470271e+02
   1.5990625e+02   1.6715622e+02
   7.8497827e+01   6.0000662e+01
   1.4104249e+02   1.6698949e+02
   4.5389198e+01   9.2876009e+01
   4.7307432e+01   3.6224561e+01
   1.5458579e+02   9.3876590e+01
   1.7352067e+02   4.6293039e+01
   1.3478671e+02   6.6718912e+01
   1.4265557e+02   2.1614451e+01
   1.8674123e+02   9.8849965e+01
   1.2082203e+02   8.0448272e+01
   1.2910001e+02   1.2914629e+02
   1.8222513e+02   1.8912370e+02
   1.7736812e+02   4.6288356e+01
   1.0517624e+02   1.2984875e+02
   1.5625358e+02   1.0767429e+02
   1.6553318e+02   3.5313743e+01
   6.4879369e+01   6.6408088e+01
   1.2070560e+02   1.2813736e+02
   3.5526252e+01   9.5720804e+01
   1.8426658e+02   5.6573770e+01
   9.2904066e+01   1.2866729e+02
   1.6106099e+02   1.0501544e+02
   1.6154843e+02   1.5625399e+02
   3.0313512e+01   4.8289727e+01
   1.4781978e+02   7.1690880e+01
   1.6262658e+02   6.9464591e+01
   7.3975875e+01   1.8094933e+02
   9.6917044e+01   4.0483726e+01
   1.2348440e+02   2.7301735e+01
   5.8561290e+01   5.0717614e+01
   1.4844474e+01   2.6483188e+01
   7.8798436e+01   4.8150136e+01
   1.2089614e+02   1.5008708e+02
   1.8983827e+02   3.7859571e+01
   7.1741402e+01   1.8953835e+02
   4.4034178e+01   6.3664579e+01
   9.9841165e+01   1.1865427e+02
   1.3682086e+01   5.8439144e+01
   1.3591278e+02   9.6858984e+01
   1.0489735e+02   1.8057069e+02
   1.7010712e+02   1.0339463e+02
   1.7270983e+02   7.3561735e+01
   6.7885480e+01   1.6400862e+02
   1.0523198e+02   2.3830980e+01
   7.1091399e+01   4.3042040e+01
   1.7835732e+02   8.2975264e+01
   5.5487289e+01   1.6869530e+02
   7.6724533e+01   7.9233122e+01
   4.4539060e+01   5.6656135e+01
   1.0450890e+01   1.8625874e+02
   4.0015460e+01   1.2973108e+01
   1.8792101e+02   1.7937031e+02
   1.4246885e+02   1.3371801e+02
   1.1703357e+02   1.2951110e+02
   1.7293293e+02   1.7760304e+01
   1.0901170e+02   1.4188828e+02
   1.2897408e+02   4.8274059e+01
   1.3076698e+02   1.5211524e+02
   1.1356809e+02   3.1948682e+01
   7.7739726e+01   1.3452851e+02
   1.4661468e+02   1.0982813e+02
   6.1433513e+01   1.0123333e+02
   2.3555545e+01   1.0691825e+02
   1.3205811e+02   1.3522976e+02
   2.6262454e+01   7.0742563e+01
   4.6382104e+01   1.7757678e+02
   4.2190269e+01   1.4576150e+02
   1.6873397e+02   1.1810834e+02
   5.4076510e+01   2.6621619e+01
   1.7571898e+02   3.1293455e+01
   4.0436802e+01   1.6273839e+02
   1.3330355e+02   1.7631225e+02
   1.6601222e+02   7.4129802e+01
   1.3430017e+02   1.2966810e+02
   9.8261405e+01   1.6624317e+02
   1.5635982e+02   6.7305217e+01
   1.2247821e+02   3.1794766e+01
   1.6191726e+02   1.0945619e+02
   1.0867625e+02   1.7921707e+01
   9.8494324e+01   1.2742933e+02
   7.6071059e+01   8.8516857e+01
   1.4698798e+02   1.5136655e+02
   3.1115444e+01   1.6400987e+02
   1.6845735e+02   1.6739191e+02
   7.1983558e+01   1.6923525e+02
   1.6985060e+02   3.0200626e+01
   1.6501190e+02   4.6428858e+01
   1.2923801e+02   4.4031773e+01
   1.0266693e+02   1.4653410e+02
   1.3948627e+02   1.2642389e+02
   1.1562390e+01   9.1413829e+01
   7.7730566e+01   1.3889491e+02
   1.8459601e+01   1.7228243e+02
   9.1874556e+01   1.6954753e+02
   2.0244094e+01   2.3257083e+01
   1.8527709e+02   4.9912204e+01
   1.7609865e+02   1.6720447e+02
   4.9065012e+01   1.3046944e+02
   1.3668355e+02   1.8321937e+02
   1.5601063e+02   1.3278083e+02
   2.0961073e+01   1.3431789e+02
   1.4085844e+02   9.2821878e+01
   5.8390992e+01   1.5034521e+02
   1.0925040e+02   1.3206261e+02
   1.4187449e+02   7.0630222e+01
   1.5150782e+02   1.0331023e+02
   1.5507562e+02   3.1020010e+01
   1.2551100e+02   6.7286356e+01
   1.3285059e+02   4.2421140e+01
   1.5229272e+02   5.1081892e+01
   5.2359419e+01   1.8187280e+02
   1.9876142e+01   1.0154299e+02
   8.4679295e+01   1.3879745e+02
   1.0313064e+02   7.9356408e+01
   1.8493672e+01   1.6770756e+02
   4.7064310e+01   2.4909356e+01
   1.1421289e+01   1.4146411e+02
   1.5151363e+02   1.4293854e+02
   9.2712096e+01   1.5434173e+02
   1.6816118e+02   5.7062752e+01
   1.3549460e+02   8.4624444e+01
   1.5750459e+02   3.6836551e+01
   1.7297057e+02   2.5327241e+01
   9.2637349e+01   1.4506105e+02
   1.0552539e+02   1.3391306e+02
   1.4343373e+02   1.4014436e+02
   1.4315487e+02   1.5783543e+02
   2.6988432e+01   9.8659133e+01
   9.0916052e+01   1.3914671e+02
   8.6235693e+01   1.3380130e+02
   1.0525628e+02   1.9186130e+01
   1.5099523e+02   7.4851326e+01
   1.6497603e+02   1.8683213e+02
   1.7361933e+01   4.3354674e+01
   5.3738985e+01   8.2671602e+01
   1.4173788e+02   8.8061346e+01
   6.9196081e+01   1.2740008e+02
   1.2498148e+02   9.0548761e+01
   1.7248987e+02   1.6992741e+02
   3.0073119e+01   1.4663791e+01
   1.3018195e+02   3.3212486e+01
   8.2380744e+01   1.3260386e+02
   1.4641923e+02   1.6239304e+02
   1.8838991e+02   1.6503189e+01
   2.6179187e+01   1.4655505e+01
   1.1292359e+01   2.9020322e+01
   1.4878989e+02   9.7938405e+01
   9.6654627e+01   1.2379329e+02
   6.6886000e+01   1.7977501e+02
   5.3270778e+01   1.1318148e+02
   8.5519423e+01   4.6982300e+01
   1.8164148e+02   1.4551939e+02
   1.8819237e+02   1.2531215e+01
   1.8102600e+02   1.2464452e+02
   3.9876708e+01   2.9193763e+01
   1.2851759e+02   1.2399822e+02
   1.4086243e+02   1.3696329e+02
   1.2635012e+02   7.6781566e+01
   1.1738539e+02   8.8708125e+01
   4.3005271e+01   7.4406703e+01
   1.7665538e+02   3.5532258e+01
   1.8824500e+02   4.5009790e+01
   8.0844440e+01   8.0939434e+01
   1.0105266e+02   2.5455372e+01
   2.8974746e+01   4.0134281e+01
   1.1638831e+02   5.3746052e+01
   6.2829878e+01   1.5714514e+02
   9.2398771e+01   6.4459984e+01
   1.2513014e+02   3.8345264e+01
   4.9343701e+01   6.3206100e+01
   6.3357923e+01   3.9004272e+01
   1.4730758e+02   1.6912205e+02
   1.1755499e+02   1.5451672e+02
   9.6340684e+01   6.6296133e+01
   1.7876638e+02   1.0810901e+02
   8.7630592e+01   2.0458700e+01
   6.6055586e+01   1.0786868e+01
   1.4549596e+02   1.8169847e+02
   2.4932233e+01   7.4486241e+01
   8.4606495e+01   1.4262047e+02
   7.2516314e+01   8.4338854e+01
   1.3102218e+02   1.7328102e+02
   1.5263053e+02   1.1810471e+02
   2.0319172e+01   1.3053253e+02
   2.4192946e+01   1.4175109e+02
   1.8373029e+02   1.0330952e+01
   1.0413083e+02   1.7219180e+02
   6.3656466e+01   8.5259582e+01
   6.7461106e+01   1.0667496e+02
   6.2321948e+01   1.2779228e+02
   1.0949808e+02   9.6402675e+01
   7.5514735e+01   6.4356055e+01
   1.6636433e+02   1.5570458e+02
   8.6237395e+01   1.7653430e+02
   9.2025055e+01   4.5894350e+01
   1.5331673e+02   1.1203098e+02
   4.7264490e+01   3.1326075e+01
   6.5039388e+01   3.0464074e+01
   4.6784820e+01   9.6967339e+01
   1.6136826e+02   8.1268143e+01
   1.7129668e+02   1.3926878e+02
   1.8427484e+02   1.0495534e+02
   7.0499571e+01   1.4455576e+02
   1.1981620e+02   1.4338930e+02
   1.0579569e+02   1.4382507e+02
   2.7998569e+01   5.5545541e+01
   6.1455464e+01   1.7338136e+01
   1.6703419e+02   1.1651618e+01
   1.5752501e+02   1.1692238e+02
   1.1178042e+02   2.1399409e+01
   4.7703532e+01   1.2375566e+02
   1.4477898e+02   1.0069303e+02
   2.1105076e+01   1.5941978e+02
   6.6080044e+01   1.1802731e+02
   1.6839227e+01   1.1619216e+02
   6.1333778e+01   6.9659380e+01
   1.4035276e+02   5.6543422e+01
   1.0822070e+02   1.8628903e+02
   2.7125970e+01   1.8957979e+02
   6.0650250e+01   1.4603353e+02
   1.2091261e+01   1.1817194e+02
   1.3264570e+02   1.8845197e+02
   1.5502812e+02   6.2699476e+01
   4.2640104e+01   6.8585469e+01
   4.5943251e+01   1.0494658e+02
   5.5059533e+01   4.3218265e+01
   6.3333091e+01   1.6881941e+02
   4.3057076e+01   1.3290295e+02
   1.6538537e+02   1.0633875e+02
   5.1959103e+01   4.7823531e+01
   1.5195280e+02   6.8101036e+01
   1.0806699e+02   5.7750877e+01
   1.0452321e+01   1.1447455e+02
   1.2487204e+02   2.1333106e+01
   1.3763815e+02   4.1827661e+01
   5.0372968e+01   8.6081494e+01
   1.4871685e+02   1.2587298e+02
   1.2352822e+02   9.5503453e+01
   3.2938641e+01   1.0900103e+02
   1.4066301e+02   3.0120913e+01
   4.2295293e+01   8.5982912e+01
   1.6227356e+02   1.7311537e+02
   1.3565489e+02   5.9810239e+01
   3.8045767e+01   1.7772946e+02
   1.6907741e+02   1.3493549e+02
   5.5095533e+01   1.6473517e+02
   2.0266880e+01   1.3974588e+02
   7.7822090e+01   3.3234169e+01
   7.4615103e+01   3.1057485e+01
   9.0142462e+01   7.4867891e+01
   1.0088222e+02   2.0314724e+01
   1.2589859e+01   9.6774956e+01
   1.6458852e+02   5.7669327e+01
   1.3768905e+02   1.4360452e+02
   8.9230747e+01   8.3899871e+01
   6.3765406e+01   1.1049485e+02
   1.1187554e+02   7.4568906e+01
   1.2339302e+02   8.3546749e+01
   1.9757390e+01   8.5680166e+01
   1.4317965e+02   5.4185262e+01
   1.2921605e+02   6.6469936e+01
   5.4895983e+01   5.0594161e+01
   1.0620674e+02   9.8291989e+01
   6.3100958e+01   4.8475983e+01
   8.0925130e+01   1.5107150e+02
   7.6609408e+01   1.0645835e+02
   4.2806686e+01   1.4953497e+02
   5.0356662e+01   1.5664096e+02
   1.2414155e+02   1.4835275e+02
   6.8508009e+01   1.5754905e+02
   7.2694358e+01   6.1501935e+01
   9.7396222e+01   4.5510610e+01
   9.6911188e+01   1.1944084e+01
   1.8579811e+02   1.1976660e+02
   7.5928095e+01   1.0196159e+01
   4.1229936e+01   4.8282798e+01
   7.7304944e+01   1.1241466e+02
   2.5173978e+01   1.1910771e+02
   7.0674655e+01   1.1149995e+01
   4.7570957e+01   4.2423318e+01
   1.4855360e+02   2.6857764e+01
   5.2147599e+01   1.4225879e+02
   1.6873690e+02   1.8577338e+02
   1.4597296e+02   1.2135192e+01
   1.4221707e+02   4.9929170e+01
   1.1287697e+01   6.5431119e+01
   6.6925388e+01   7.6466026e+01
   1.2024849e+02   1.0004048e+02
   1.4858622e+01   4.9005913e+01
   1.5009779e+02   1.7301546e+02
   1.2840951e+02   8.0465725e+01
   7.6174717e+01   7.5440817e+01
   1.5117986e+02   3.2528317e+01
   9.5200487e+01   3.7279545e+01
   8.8475443e+01   6.0858198e+01
   1.2257037e+02   1.5672066e+02
   1.2562411e+02   1.0459119e+01
   7.2825057e+01   5.6041073e+01
   9.3642282e+01   1.8935994e+02
   1.5204833e+02   1.8558137e+02
   5.4829255e+01   6.0713125e+01
   1.5125088e+02   1.8963439e+02
   1.3430024e+02   1.6358705e+02
   1.8852624e+02   1.2581170e+02
   1.8305915e+02   8.6414091e+01
   1.4423897e+02   1.8742233e+02
   3.8374239e+01   3.3267577e+01
   2.8363913e+01   1.7402972e+02
   1.5139899e+02   1.6499128e+02
   1.2087958e+01   2.4043476e+01
   5.0032250e+01   2.1728845e+01
   1.2677828e+02   1.0912055e+02
   7.2360948e+01   4.7611438e+01
   7.8716932e+01   1.1807094e+02
   1.4768968e+02   6.4159830e+01
   1.3211159e+02   8.0795994e+01
   1.2822533e+02   5.9783476e+01
   6.8327871e+01   8.2181826e+01
   3.3161432e+01   2.3293265e+01
   4.2065721e+01   4.3746456e+01
   1.2256409e+02   1.5111846e+01
   5.8006752e+01   8.4496568e+01
   4.0209006e+01   5.4065412e+01
   9.5958345e+01   6.1848897e+01
   3.4255364e+01   4.2804085e+01
   9.5826671e+01   1.8221519e+01
   1.3256566e+02   1.6026439e+02
   1.4237482e+02   6.4932487e+01
   7.3705635e+01   1.1043083e+02
   1.7702915e+01   1.5413637e+02
   4.0606238e+01   9.7133052e+01
   1.7372160e+02   1.0265118e+01
   1.5576187e+02   1.2015758e+02
   1.1736012e+02   1.1360128e+02
   3.8766117e+01   1.5099106e+02
   1.1645817e+02   1.6957795e+02
   1.8154379e+02   1.5628682e+02
   6.9739948e+01   5.8821902e+01
   1.2633954e+02   1.5197930e+01
   1.6097858e+02   1.7697157e+02
   9.5162828e+01   1.1785816e+02
   8.8431642e+01   9.5525484e+01
   1.1863524e+02   1.7254810e+02
   1.9893587e+01   6.6012755e+01
   1.6413364e+02   1.6446256e+02
   1.1735126e+02   1.8010738e+02
   1.1221120e+02   4.2664601e+01
   1.5193372e+02   1.0764135e+02
   1.2982316e+02   9.8849581e+01
   2.3459641e+01   6.0990556e+01
   9.5551948e+01   1.0467561e+02
   1.6919777e+01   3.3964901e+01
   1.6231627e+02   9.9822411e+01
   1.1039768e+02   1.0051558e+02
   4.0483245e+01   3.8108169e+01
   3.2003831e+01   1.5827463e+02
   1.5347840e+02   4.7500085e+01
   1.5020989e+02   1.0506729e+01
   1.1254523e+02   8.7283097e+01
   1.0184897e+02   7.1569543e+01
   1.6043115e+02   2.4967685e+01
   2.4348161e+01   1.1342891e+02
   2.1474897e+01   4.3607418e+01
   1.5938618e+02   2.9035502e+01
   4.4002001e+01   2.9114045e+01
   1.6440393e+02   1.4981601e+02
   8.3905358e+01   1.0151462e+02
   1.6100891e+02   1.5164164e+02
   1.1884185e+02   1.8604643e+02
   4.6774835e+01   1.3698409e+02
   6.1347388e+01   1.3805121e+02
   2.7655479e+01   1.3785361e+02
   1.7798990e+02   4.1937366e+01
   1.2462458e+02   1.6824686e+02
   8.5643596e+01   8.9814659e+01
   1.1349976e+02   1.1171992e+02
   6.4604186e+01   5.3171371e+01
   5.9836753e+01   7.5396310e+01
   1.1061953e+02   8.0863791e+01
   1.5552915e+02   1.4119662e+02
   5.7567089e+01   1.2043146e+02
   8.0458229e+01   4.3425835e+01
   4.1631335e+01   1.5636076e+02
   1.2379359e+02   1.4472658e+02
   1.8255659e+02   8.2777830e+01
   2.4075306e+01   1.8100644e+02
   3.1970676e+01   7.7741523e+01
   1.0004716e+02   9.3084636e+01
   9.3379227e+01   7.6864372e+01
   4.9168050e+01   1.8940231e+02
   1.3179752e+02   6.1829785e+01
   1.7685365e+02   1.5450424e+01
   6.8314224e+01   3.7632102e+01
   1.3801493e+02   5.0334823e+01
   3.4692800e+01   1.4431675e+02
   5.9412511e+01   1.7888306e+02
   1.4598938e+02   1.1771811e+02
   1.8581493e+02   2.5577568e+01
   1.0066793e+02   1.8744430e+02
   1.7425942e+02   5.1045566e+01
   6.8203255e+01   1.9367919e+01
   1.4460604e+02   9.6833618e+01
   1.3211868e+02   8.7275669e+01
   7.9146045e+01   5.5338077e+01
   6.5618681e+01   1.3386637e+02
   7.4025331e+01   1.1872475e+02
   1.6421068e+02   9.6260013e+01
   4.9180255e+01   1.6940149e+02
   7.0698975e+01   6.6961684e+01
   1.2946237e+02   1.3923480e+02
   1.0935541e+02   1.3685842e+02
   1.5469611e+02   7.0733703e+01
   3.5947831e+01   1.1597054e+02
   1.0826405e+02   7.0481357e+01
   1.0957146e+02   3.5104219e+01
   9.9726387e+01   1.6149968e+02
   1.5230407e+02   2.6240498e+01
   2.0144087e+01   7.3392272e+01
   1.5814621e+02   5.0219013e+01
   4.9154922e+01   1.0448981e+01
   1.0877428e+02   1.8120979e+02
   8.9432167e+01   1.1330741e+02
   1.1550958e+02   7.3141219e+01
   6.3270594e+01   8.1096883e+01
   5.6812663e+01   2.4253747e+01
   1.7797605e+02   1.4530387e+02
   7.0800757e+01   1.5102056e+02
   1.4607243e+02   6.8185919e+01
   9.7814910e+01   2.8267314e+01
   1.8926488e+02   2.2596395e+01
   4.2453848e+01   1.0001981e+01
   1.5783522e+02   1.7999721e+02
   3.6475241e+01   1.8322547e+02
   1.6524503e+02   9.2293910e+01
   1.3235869e+02   1.1866577e+02
   1.3882765e+02   1.3172717e+02
   3.2395754e+01   1.7060092e+02
   2.2253532e+01   1.5179723e+01
   8.8173699e+01   1.0081990e+02
   1.2330926e+02   1.8336450e+02
   1.5705919e+02   1.2793527e+02
   2.7586939e+01   1.4301941e+02
   1.3036917e+01   1.3040454e+02
   1.1453701e+02   1.0239425e+02
   8.1874482e+01   1.8999001e+02
   1.0262092e+02   4.4830856e+01
   1.2241183e+02   5.8159467e+01
   1.1496015e+01   1.0443840e+02
   1.8207953e+02   1.2045676e+02
   6.1320750e+01   5.5287864e+01
   1.8181899e+01   1.7082524e+01
   1.0042374e+02   1.5438501e+02
   1.0442073e+01   1.7165046e+02
   1.6562828e+02   1.1329906e+02
   1.1771279e+02   1.3742672e+02
   3.3604517e+01   1.4883658e+02
   3.1551258e+01   1.2207536e+02
   2.4221733e+01   8.4571057e+01
   1.8342095e+02   6.3631891e+01
   3.1884190e+01   5.2320310e+01
   1.1450118e+02   6.1846076e+01
   9.2563675e+01   4.1779884e+01
   1.5886336e+02   1.6327626e+02
   1.0010071e+02   3.3992541e+01
   1.2890827e+02   1.8056660e+01
   1.4226025e+02   1.7839493e+02
   1.0992127e+02   6.3370307e+01
   8.0936808e+01   1.2863599e+02
   1.5243456e+02   1.4668340e+02
   4.2562505e+01   8.1853611e+01
   7.3622805e+01   9.6337260e+01
   1.7564609e+02   9.9450216e+01
   1.6823993e+02   1.6573319e+01
   1.6161059e+02   3.2075224e+01
   1.5779569e+02   1.0585974e+01
   8.5165196e+01   1.2934418e+02
   1.3376976e+02   1.4771304e+02
