   5.0775294e+01   5.9447475e+01
   7.9046478e+01   5.3361476e+01
   1.8016727e+02   5.5335338e+01
   9.4423687e+01   1.2039334e+02
   5.3446105e+01   7.9727220e+01
   1.5770622e+02   8.2211134e+01
   1.0509759e+02   1.4483324e+02
   1.6245773e+02   1.6212812e+01
   8.8420669e+01   5.0212558e+01
   1.4995096e+02   6.0405643e+01
   5.0467135e+01   7.3512932e+01
   1.7962998e+02   2.3190896e+01
   3.8682817e+01   2.6255803e+01
   8.9370986e+01   1.2848242e+02
   3.3078729e+01   2.3373216e+01
   2.8616359e+01   2.8538402e+01
   7.9019735e+01   1.8017451e+01
   1.3709072e+02   1.5937199e+02
   2.0041917e+01   8.9406169e+01
   1.0510213e+02   5.8001698e+01
   4.0326602e+01   1.5485267e+01
   1.5681100e+02   1.6416875e+02
   1.4933287e+02   1.8415956e+01
   3.3098935e+01   1.8038404e+02
   1.1817037e+02   1.5572310e+02
   1.3110839e+01   8.6925659e+01
   3.2013987e+01   1.3122691e+02
   1.2878578e+02   1.3232851e+02
   6.2079852e+01   3.1209266e+01
   1.8001799e+02   1.9734767e+01
   1.6876004e+02   1.5568956e+02
   1.7779291e+02   1.7502438e+02
   1.0212551e+02   6.2313198e+01
   1.0123572e+02   5.9814206e+01
   1.9864158e+01   5.3699861e+01
   5.9925039e+01   1.2846644e+02
   1.4854048e+02   6.8753723e+01
   1.2309137e+02   1.5625165e+02
   2.4348109e+01   1.4745305e+02
   1.7316376e+02   1.5328167e+02
   1.3575850e+02   1.3972197e+02
   8.3302737e+01   1.4855855e+02
   1.5079840e+02   6.3086240e+01
   1.5849020e+02   1.8935850e+02
   1.3632846e+02   1.2955048e+02
   1.5173235e+02   1.7345203e+02
   1.0309382e+02   5.1746195e+01
   4.3061124e+01   1.3186817e+02
   5.4187569e+01   9.3312691e+01
   1.7746295e+02   4.2471597e+01
   2.6796125e+01   1.3560341e+02
   1.3098589e+02   1.5731919e+02
   2.3668979e+01   8.2195369e+01
   1.6568310e+02   1.2302320e+02
   1.8115702e+02   1.8909418e+02
   7.7252556e+01   1.0883373e+02
   8.8378459e+01   6.2473901e+01
   1.2577547e+02   1.1271683e+02
   1.7482581e+02   1.8621606e+02
   8.6487086e+01   1.4289225e+02
   1.3090904e+02   3.2072686e+01
   1.5309314e+01   3.8467253e+01
   1.5066650e+02   4.5581601e+01
   5.8887561e+01   1.0658258e+02
   8.7055445e+01   1.3739484e+02
   4.4166898e+01   1.6450548e+02
   1.2094514e+02   1.5129251e+01
   9.1260461e+01   1.1981471e+02
   7.8135456e+01   2.7782306e+01
   1.4649656e+02   1.1993796e+02
   1.3680935e+02   8.1449384e+01
   1.0562613e+02   1.7175134e+02
   8.4283397e+01   4.2435432e+01
   1.1017996e+02   1.1033480e+02
   1.5313777e+02   1.3367331e+02
   1.8592968e+02   1.7581106e+01
   9.7710525e+01   1.0743363e+02
   1.1440076e+02   1.0840520e+02
   1.4167634e+02   5.1476366e+01
   9.5496901e+01   5.3389122e+01
   1.2670314e+02   8.5213754e+01
   1.7184473e+02   1.4543217e+02
   1.1859481e+02   1.2560901e+02
   1.2641105e+02   1.5710137e+02
   1.3476693e+02   7.8853427e+01
   1.0013708e+02   5.2989396e+01
   1.0269069e+02   1.0899734e+02
   1.0710551e+02   1.8065408e+02
   1.4140970e+02   7.7323475e+01
   1.3586988e+02   7.5275031e+01
   5.3009555e+01   1.3914871e+02
   1.3856700e+02   1.5348355e+02
   4.1391303e+01   1.0316551e+02
   7.1986382e+01   7.0376755e+01
   1.5774420e+02   3.4473426e+01
   1.7062304e+02   1.0963601e+02
   1.6730605e+02   2.4965964e+01
   1.5927510e+02   1.1736438e+02
   1.0589736e+02   1.0233580e+02
   1.7005336e+02   6.1300230e+01
   1.4750405e+02   1.2632265e+02
   7.0376170e+01   9.0863333e+01
   4.4718721e+01   1.8777346e+02
   1.7392717e+02   5.1079588e+01
   1.1630342e+02   1.0568568e+02
   8.0121421e+01   7.4064997e+01
   4.8839811e+01   1.3310167e+02
   1.4689725e+02   4.9570904e+01
   1.7239367e+02   1.3582430e+02
   1.3259933e+01   9.7569591e+01
   7.3923774e+01   4.1229607e+01
   1.2997412e+02   1.4241405e+01
   1.6288372e+01   1.5010905e+02
   1.7255998e+02   1.8492395e+02
   7.8168379e+01   9.5911564e+01
   4.8787824e+01   5.2404724e+01
   1.5857950e+02   1.6791662e+02
   1.2880522e+02   9.0095704e+01
   8.8903106e+01   5.7877691e+01
   6.2378185e+01   1.3028192e+02
   1.4400691e+02   5.4505029e+01
   3.0761209e+01   3.3865438e+01
   3.5147534e+01   5.8032309e+01
   9.3487423e+01   1.0037524e+02
   9.1863760e+01   8.2533289e+01
   5.8335360e+01   4.6595123e+01
   1.3096471e+02   6.0809285e+01
   5.5343747e+01   1.8059539e+02
   1.1022419e+02   1.2411610e+02
   2.9918154e+01   2.3616135e+01
   2.1372727e+01   1.0171790e+02
   1.6213508e+02   9.9805387e+01
   3.5922010e+01   4.2182675e+01
   1.2357996e+02   1.7642622e+02
   1.7509131e+02   1.4700774e+02
   7.4117454e+01   2.1432216e+01
   5.0379900e+01   1.2765861e+01
   3.7162243e+01   6.5673114e+01
   3.0918305e+01   1.8828037e+02
   1.0079890e+02   9.7927850e+01
   9.6418636e+01   1.0233174e+02
   4.1627976e+01   1.0005866e+02
   1.0173553e+01   1.2091039e+01
   5.8512171e+01   1.6389399e+01
   1.6964040e+02   1.4294113e+02
   5.2146604e+01   4.4174447e+01
   1.3550081e+02   2.9957704e+01
   3.9320497e+01   1.3388139e+02
   1.1361245e+01   1.4078306e+02
   1.5660313e+01   1.0162911e+02
   8.2871347e+01   1.2682935e+02
   5.8271474e+01   1.8272397e+02
   5.9828222e+01   2.0866477e+01
   1.5875773e+02   4.0158734e+01
   1.3483336e+02   4.0997887e+01
   6.2488612e+01   5.7403804e+01
   1.0053010e+02   1.9686229e+01
   7.0953534e+01   6.6254841e+01
   9.6585784e+01   1.8532409e+01
   3.8831424e+01   1.5598577e+02
   2.3813456e+01   7.3105604e+01
   5.3265365e+01   1.8572589e+02
   1.7135415e+02   7.0821155e+01
   1.8188178e+02   1.5070979e+02
   4.3900213e+01   3.0255593e+01
   8.2912858e+01   5.3381788e+01
   1.4051971e+02   1.5133905e+01
   1.3611558e+02   9.7673133e+01
   1.8301779e+01   1.3619322e+02
   1.8306656e+02   1.8677378e+02
   7.8924053e+01   5.6217535e+01
   1.6249476e+02   1.7712593e+02
   7.4724035e+01   1.1510175e+02
   1.2008312e+02   1.3480993e+02
   8.8647855e+01   1.5369660e+02
   1.0645481e+02   1.7534563e+02
   1.1620784e+02   7.1682013e+01
   9.6219619e+01   3.9635447e+01
   1.8184929e+02   1.3359606e+02
   6.6818329e+01   1.7124822e+02
   8.0535921e+01   1.3353797e+02
   1.4966561e+02   6.6085471e+01
   1.2620722e+02   1.6469839e+01
   5.3172444e+01   1.7536290e+02
   8.1372325e+01   8.5584919e+01
   1.1683360e+02   8.3252590e+01
   1.7178105e+02   2.2496509e+01
   4.9499424e+01   2.6409716e+01
   1.5958613e+02   1.0642788e+02
   1.1706987e+01   1.5299261e+02
   4.6213937e+01   1.0726556e+02
   1.1540880e+02   1.8892706e+02
   1.8719828e+02   1.7770741e+02
   5.5144443e+01   1.1479703e+02
   4.1851897e+01   5.7405643e+01
   5.3900632e+01   5.2961345e+01
   8.8635125e+01   1.7112385e+02
   1.5332753e+02   5.5247281e+01
   1.5870175e+02   4.7539410e+01
   6.4405681e+01   4.9823114e+01
   1.0311744e+02   1.6985577e+02
   2.7968568e+01   1.2308245e+02
   1.3216078e+01   1.0844315e+02
   1.3050950e+02   1.6126387e+02
   1.6191075e+02   1.3604474e+02
   2.0023743e+01   1.6696415e+02
   4.4157210e+01   2.1646999e+01
   1.4113109e+02   1.0139461e+02
   1.3576140e+02   1.8707045e+01
   1.5864040e+02   1.5417321e+02
   1.4842836e+02   8.4368880e+01
   1.7029099e+01   1.7375784e+02
   1.1645292e+02   7.5872709e+01
   1.2150436e+02   5.0797270e+01
   5.7649720e+01   6.8657879e+01
   7.7677829e+01   1.5179223e+02
   6.4816184e+01   2.5069432e+01
   1.4716075e+02   2.1567362e+01
   1.8303874e+02   5.9980511e+01
   1.2171895e+02   7.4550939e+01
   4.6363796e+01   1.2403349e+02
   2.3651308e+01   3.3857690e+01
   1.4839057e+02   1.8033213e+02
   1.2718200e+02   3.6812615e+01
   8.4674251e+01   1.0407881e+02
   1.8221459e+02   1.4412094e+01
   2.0980944e+01   5.0863778e+01
   1.6654249e+02   8.8037881e+01
   6.2174477e+01   1.5735526e+02
   1.6176589e+02   1.5653981e+02
   1.0413923e+02   1.8653115e+02
   1.6348875e+02   1.1961548e+02
   7.0843233e+01   1.6552032e+02
   1.1496644e+02   1.7282678e+02
   5.1383330e+01   1.7382079e+02
   1.2816481e+02   1.8973868e+02
   1.3366104e+02   1.1609185e+02
   2.8793297e+01   9.2484977e+01
   9.6583200e+01   1.2718440e+02
   1.5531823e+02   1.1708192e+02
   1.5646429e+02   1.3326837e+02
   1.8698803e+02   1.4498847e+02
   5.9073180e+01   2.6603606e+01
   4.6123337e+01   1.1132760e+02
   9.1031651e+01   1.4071290e+02
   5.6888828e+01   1.1786341e+02
   8.8277896e+01   9.9617897e+01
   1.7741551e+02   1.5909415e+02
   1.8599283e+02   1.0929139e+02
   1.2285124e+02   1.3893134e+02
   4.7261307e+01   1.7578665e+02
   1.3803235e+02   4.5825136e+01
   7.4348039e+01   1.8122906e+02
   1.1858405e+02   3.7718633e+01
   1.4089334e+02   1.4390275e+02
   6.8193577e+01   1.8531166e+02
   1.2384124e+02   1.6178822e+02
   1.1083852e+02   6.4520901e+01
   1.2620436e+02   1.4799836e+02
   5.5144740e+01   1.5872346e+02
   2.1281454e+01   1.7898678e+02
   2.5237518e+01   1.2959853e+02
   2.7562336e+01   5.8874730e+01
   9.6258025e+01   1.5990412e+02
   1.6159889e+02   2.7317163e+01
   7.9335800e+01   1.2003271e+01
   5.9043877e+01   1.1481079e+02
   8.4048535e+01   1.1263155e+02
   1.1295158e+02   1.2687138e+02
   1.4254312e+01   7.6294470e+01
   1.8403861e+02   1.1951343e+02
   1.4884336e+02   3.3369134e+01
   1.7410474e+02   7.6565474e+01
   6.7398204e+01   5.6975147e+01
   1.5649456e+02   1.5136101e+02
   6.2390262e+01   8.7964953e+01
   3.7686532e+01   5.2439988e+01
   3.0010290e+01   1.0100815e+02
   1.4270718e+02   1.8457520e+02
   3.4034524e+01   5.5115835e+01
   1.5108221e+02   8.1441035e+01
   1.0149826e+02   4.8898104e+01
   1.6752072e+02   1.2059931e+02
   1.8110252e+02   1.3772635e+02
   1.1771667e+02   9.3799959e+01
   1.0596696e+02   9.9257788e+01
   3.4842908e+01   1.3263429e+02
   1.0399168e+02   1.6585626e+02
   5.5067516e+01   1.8965381e+02
   1.5751544e+02   1.3100828e+02
   1.2218733e+02   4.6867152e+01
   4.8631894e+01   6.6334039e+01
   5.4424288e+01   1.7743106e+02
   1.0113477e+02   1.3536824e+02
   5.4264755e+01   6.2615835e+01
   2.0242056e+01   3.2347337e+01
   1.2467354e+02   8.6952693e+01
   3.5064259e+01   1.4850479e+02
   1.9861959e+01   9.3728489e+01
   9.8964229e+01   1.5875774e+02
   1.6739911e+02   1.4378235e+02
   1.0296294e+02   1.1435694e+02
   6.0336536e+01   1.6565281e+02
   1.2245775e+02   4.4016942e+01
   1.8279799e+02   4.4997730e+01
   1.4666354e+02   9.5217354e+01
   1.4236598e+02   3.2588382e+01
   1.5583927e+02   1.4834206e+02
   1.2248814e+01   4.9981336e+01
   7.6831237e+01   1.6867807e+02
   1.1520467e+02   6.4712550e+01
   2.4750833e+01   1.8889369e+02
   1.7127937e+02   9.4984359e+01
   1.7855873e+02   1.4512432e+02
   6.7109067e+01   1.8034599e+02
   1.8715364e+02   1.8983394e+02
   8.9272095e+01   7.8062857e+01
   1.5843476e+02   1.7044360e+02
   4.0822843e+01   7.9229554e+01
   5.6387683e+01   3.4674454e+01
   1.4374312e+02   8.5989644e+01
   1.2813292e+01   3.8908443e+01
   1.8023410e+02   1.1713770e+02
   9.5675049e+01   5.6388401e+01
   1.5827363e+02   7.8461011e+01
   6.8446800e+01   4.7396479e+01
   1.5195023e+02   1.4690324e+02
   1.8533344e+02   3.9305280e+01
   1.7806419e+02   1.0379543e+02
   1.7023469e+02   5.6089690e+01
   1.3061028e+02   1.8602132e+02
   1.4454944e+02   1.6656425e+02
   1.0040190e+02   1.2799895e+02
   2.8283698e+01   7.1470661e+01
   1.1083469e+02   1.5010773e+02
   8.1216680e+01   1.7208044e+02
   7.3213079e+01   2.5980932e+01
   8.1346562e+01   2.3748831e+01
   4.6186786e+01   1.2973893e+02
   4.3200381e+01   6.1810394e+01
   5.8209654e+01   8.7209012e+01
   1.6230841e+02   3.6383724e+01
   9.8616051e+01   1.8181246e+02
   2.3059793e+01   2.7855652e+01
   1.4440978e+02   1.6201485e+01
   1.7624874e+02   1.1941168e+02
   3.4936711e+01   1.8894836e+01
   5.1899892e+01   1.2114512e+02
   1.8803820e+02   4.8524647e+01
   1.6615444e+02   7.9212774e+01
   6.1138512e+01   1.8921489e+02
   7.1752664e+01   5.4494247e+01
   1.6227088e+02   1.4701897e+02
   3.0483724e+01   1.7847716e+02
   6.2870629e+01   7.0084723e+01
   3.3456424e+01   3.0450607e+01
   4.9017697e+01   1.7305148e+02
   1.6096556e+01   1.5264401e+02
   1.6304429e+02   7.1415933e+01
   1.8263274e+02   1.6694174e+02
   1.5964985e+02   1.8197987e+02
   1.5268693e+02   4.2338226e+01
   3.9512935e+01   7.6890539e+01
   1.0119585e+02   7.7204134e+01
   1.0624233e+02   4.6944046e+01
   4.7649742e+01   1.4960151e+02
   1.1219178e+02   1.8196801e+02
   1.0460845e+02   2.1918884e+01
   1.0924666e+02   8.5008330e+01
   1.0771566e+02   1.2650162e+02
   1.6023478e+02   1.7501330e+02
   4.2713850e+01   1.5211823e+02
   9.0704867e+01   6.1829433e+01
   3.2740531e+01   1.6836436e+02
   5.9488042e+01   8.2562423e+01
   6.5952318e+01   8.7849851e+01
   1.0772313e+02   3.3286367e+01
   1.2135648e+01   4.6835703e+01
   1.6100466e+02   1.6377428e+02
   1.7550064e+02   1.4435920e+02
   1.0630052e+02   1.1674393e+02
   1.1864806e+02   2.3412686e+01
   5.1684717e+01   1.2468143e+02
   7.5966061e+01   1.4914416e+02
   6.6223094e+01   3.5661257e+01
   1.5307406e+02   3.9593945e+01
   5.2818708e+01   1.8015000e+02
   1.7231416e+01   5.3491302e+01
   1.5080055e+02   1.4914430e+02
   1.5698019e+02   9.5386529e+01
   1.6452602e+02   3.0555870e+01
   4.0021686e+01   1.7557086e+02
   8.8334017e+01   3.9218153e+01
   1.2262250e+02   1.0487128e+02
   1.2563382e+02   2.0403451e+01
   1.6101208e+02   8.0393365e+01
   1.7211512e+02   1.7315134e+02
   7.7011185e+01   1.3745622e+01
   3.2590149e+01   1.2531145e+02
   9.1079628e+01   1.9064062e+01
   1.0716257e+02   1.8692003e+02
   1.3299315e+02   8.8638970e+01
   1.0736460e+02   1.2052027e+02
   6.3483938e+01   7.6142912e+01
   1.5206543e+01   7.9889103e+01
   1.5864820e+02   1.2619551e+02
   1.6563900e+02   1.3478344e+02
   1.5169879e+01   4.4925644e+01
   3.4798167e+01   9.7635487e+01
   1.7756080e+02   1.3999161e+02
   7.9001614e+01   3.8397672e+01
   6.4264048e+01   1.1350899e+02
   6.6567076e+01   1.7599597e+02
   8.7677500e+01   1.1848219e+02
   1.4095316e+02   1.0638603e+01
   1.4304306e+02   1.8215353e+02
   1.8458346e+02   8.9623181e+01
   7.3598025e+01   1.8530529e+02
   2.0764798e+01   1.7618131e+02
   1.5636470e+02   9.8518783e+01
   1.0513092e+02   8.1231896e+01
   1.1091273e+02   3.0896749e+01
   3.2072916e+01   1.7230254e+02
   8.0600184e+01   6.2557306e+01
   1.3250395e+02   7.0993721e+01
   1.1153878e+02   7.4507512e+01
   4.4943974e+01   4.1269060e+01
   8.1821865e+01   1.9329446e+01
   4.9060912e+01   4.4824143e+01
   1.2885689e+02   2.5323447e+01
   1.7677130e+02   1.4433217e+01
   7.1853612e+01   1.3136371e+01
   1.4384528e+02   1.4369567e+02
   5.1645189e+01   3.3780186e+01
   9.1556792e+01   2.3007173e+01
   1.4455048e+02   1.6125360e+02
   1.4640768e+02   3.5669412e+01
   1.6853942e+02   1.0415076e+02
   1.2636282e+02   1.0425566e+02
   3.3108848e+01   7.7522785e+01
   1.5013472e+02   1.4263705e+02
   1.7395724e+02   3.8034247e+01
   1.8881023e+02   1.4951998e+01
   1.2735090e+02   3.1339180e+01
   8.5179736e+01   7.9609416e+01
   4.7530915e+01   5.6673516e+01
   1.8083632e+02   6.0771103e+01
   8.8933200e+01   3.3474476e+01
   1.1334543e+01   2.6262216e+01
   3.5431180e+01   1.1623765e+02
   1.3744622e+02   6.3351822e+01
   1.1360794e+02   7.2499933e+01
   6.9104471e+01   1.3482603e+02
   2.1881470e+01   4.0289453e+01
   1.6932002e+02   1.4536712e+01
   3.2978754e+01   1.8380353e+02
   6.5703411e+01   9.8371216e+01
   9.9797203e+01   7.2106374e+01
   1.6425419e+02   5.2231409e+01
   1.3080527e+02   7.7449545e+01
   1.4138551e+02   8.4492858e+01
   1.5566641e+02   2.9531922e+01
   1.0007675e+02   1.0251106e+02
   1.7833428e+02   3.2927661e+01
   1.7303935e+01   3.2759299e+01
   1.4288005e+02   9.0509686e+01
   1.7791366e+02   1.6948370e+02
   1.7250362e+01   1.1049541e+01
   1.5364352e+01   1.3869594e+01
   2.8464673e+01   1.5903448e+02
   1.2423277e+02   1.6819279e+02
   1.0636494e+02   1.4019323e+02
   5.0014910e+01   3.7766740e+01
   7.6593501e+01   1.3258744e+02
   1.6772749e+02   8.3096514e+01
   1.1891332e+02   7.2522127e+01
   8.0591347e+01   3.2546189e+01
   1.8732806e+02   1.8356193e+02
   1.5056602e+02   1.1031917e+01
   1.8962628e+02   2.0502134e+01
   9.6544885e+01   1.5179776e+02
   1.0481545e+02   2.9332529e+01
   3.2167898e+01   6.7015470e+01
   1.6929271e+02   1.3756977e+02
   1.3772634e+02   5.6927418e+01
   1.4522098e+02   1.7353171e+02
   1.3499738e+02   1.8682862e+02
   4.6315872e+01   1.2047751e+02
   1.1320343e+02   3.4405964e+01
   9.5798587e+01   4.4237320e+01
   1.1671327e+02   1.2751240e+02
   1.7118177e+02   1.3106880e+02
   1.0539352e+02   5.3416436e+01
   2.3331459e+01   8.8447713e+01
   9.5088075e+01   9.3800542e+01
   9.4685014e+01   8.5445026e+01
   2.5305099e+01   1.2005908e+02
   1.1712711e+02   3.3957468e+01
   1.3773417e+02   4.3258015e+01
   1.0819882e+01   5.5210061e+01
   5.2773940e+01   8.3097490e+01
   5.1574995e+01   9.9447337e+01
   1.6049665e+02   1.7855120e+02
   9.4593890e+01   1.1377113e+02
   1.2798717e+02   1.0701895e+02
   9.3834276e+01   8.9385205e+01
   2.2052171e+01   7.0497406e+01
   8.2045925e+01   1.4342728e+02
   4.6851100e+01   4.9984104e+01
   1.1560253e+02   2.1398413e+01
   1.1479795e+02   5.8390134e+01
   1.5201797e+01   3.1094238e+01
   1.8151550e+02   1.1938907e+02
   1.4423553e+02   1.0003389e+02
   1.3018332e+02   1.4034237e+02
   1.7657389e+02   1.8009093e+02
   1.8376029e+02   9.7898378e+01
   1.4241106e+01   1.1803064e+02
   1.2804450e+02   4.1769330e+01
   1.0440609e+02   1.3813242e+01
   7.4157442e+01   1.4707565e+02
   1.4431130e+02   1.1308671e+02
   3.4144444e+01   1.2772124e+01
   1.8976984e+02   1.7670457e+02
   1.8985699e+02   9.8493041e+01
   2.9551219e+01   7.6250760e+01
   1.4682532e+02   1.5378101e+02
   1.6799506e+02   1.6796191e+02
   1.0053621e+02   1.7785887e+02
   6.6415533e+01   1.4321424e+02
   8.1203959e+01   1.5467048e+02
   2.6755460e+01   1.0722643e+02
   9.7014762e+01   7.7701894e+01
   1.3759890e+02   1.7398562e+02
   1.2561843e+02   1.3612296e+01
   1.8170242e+02   1.5507080e+02
   1.2393907e+02   2.4166319e+01
   6.9718770e+01   1.2725897e+02
   1.0690237e+02   4.2447775e+01
   1.2135469e+02   3.9810237e+01
   8.6660575e+01   1.8128565e+02
   5.2420030e+01   1.4980638e+02
   6.6322595e+01   9.2785692e+01
   6.8807463e+01   1.2328757e+02
   7.7589575e+01   1.2385313e+02
   1.4819478e+02   1.1578330e+02
   1.2491460e+02   1.4401225e+02
   4.7979155e+01   3.2700155e+01
   9.7440645e+01   3.6251085e+01
   1.0914090e+02   1.4451166e+02
   1.5181296e+02   6.9420123e+01
   1.6347257e+02   1.8095340e+02
   6.5974983e+01   1.1633253e+02
   5.6489238e+01   1.8728043e+02
   1.4129407e+02   2.9456409e+01
   8.4736033e+01   1.6750722e+01
   5.7040361e+01   1.3472138e+02
   1.6511242e+02   1.5581682e+02
   5.3199751e+01   9.0254096e+01
   1.2787817e+02   1.4101579e+02
   1.5492118e+02   1.8963394e+02
   1.9562681e+01   1.4290740e+01
   1.4040157e+01   1.3123281e+02
   8.6275927e+01   1.6758894e+02
   1.5918763e+02   1.3574808e+02
   8.4769477e+01   1.3251490e+02
   1.2881517e+02   6.3437072e+01
   6.3544461e+01   1.0331284e+02
   1.8036062e+01   1.1253715e+02
   1.5092522e+02   8.9026701e+01
   3.0879878e+01   1.1795820e+02
   5.6314599e+01   8.8688433e+01
   1.6605102e+02   3.7394026e+01
   3.5591080e+01   4.9232858e+01
   1.4316018e+02   1.5443199e+02
   3.4305122e+01   1.0516489e+02
   2.5647825e+01   1.7458071e+02
   6.4041568e+01   1.3668806e+02
   9.6560587e+01   7.5025890e+01
   1.3276167e+01   1.0548403e+02
   4.3999983e+01   8.8314971e+01
   3.7351667e+01   1.0281855e+02
   1.3528967e+02   1.6848650e+02
   9.7017514e+01   6.8149158e+01
   1.1079330e+02   5.4417858e+01
   5.7168542e+01   1.0433653e+02
   1.1860070e+01   1.6731056e+02
   1.7267555e+02   2.6334766e+01
   9.7510684e+01   3.1030793e+01
   1.0464817e+02   4.0002181e+01
   2.6638805e+01   8.7491251e+01
   5.0689099e+01   8.1870483e+01
   1.8161901e+02   1.1094575e+02
   1.8365841e+02   1.3903559e+02
   1.4645532e+02   1.2293534e+02
   7.5848179e+01   1.8328433e+02
   1.5473118e+02   8.2027853e+01
   1.3637887e+02   1.3519257e+01
   7.5551075e+01   1.5609011e+02
   9.7878390e+01   1.1020986e+02
   1.5850091e+02   6.1027495e+01
   1.8310996e+02   1.7072253e+02
   1.6569164e+02   9.7204913e+01
   1.1185335e+02   7.9717298e+01
   7.1874133e+01   4.5415287e+01
   4.5620985e+01   1.7069782e+02
   1.8354321e+02   7.9672726e+01
   1.0719578e+01   1.5544737e+02
   4.7212437e+01   1.6297670e+02
   3.0366758e+01   1.8424658e+02
   6.2747734e+01   1.0102078e+02
   1.3295746e+02   9.8757067e+01
   1.6381151e+02   6.0904018e+01
   1.7337741e+02   1.2186984e+02
   1.1213649e+02   2.2111646e+01
   1.4053538e+02   1.2670727e+02
   1.2485763e+02   5.1078893e+01
   7.9778965e+01   1.8212400e+02
   8.8661750e+01   2.4357404e+01
   1.0631081e+01   8.7773755e+01
   1.0472882e+02   1.1044241e+02
   8.7365131e+01   8.7210909e+01
   1.0644376e+01   5.7813047e+01
   1.6482350e+02   9.3971317e+01
   7.8690358e+01   1.7408172e+02
   1.5131386e+02   1.8827439e+02
   1.4704978e+02   9.2446616e+01
   2.8543011e+01   1.2897814e+02
   6.7795245e+01   2.9494732e+01
   1.4224400e+02   1.2214551e+02
   1.7910802e+02   9.1478057e+01
   1.8333622e+02   1.1523929e+02
   1.4220154e+02   1.1129171e+02
   1.5515244e+02   7.8358812e+01
   7.3410156e+01   1.4410286e+02
   8.0314540e+01   2.9645674e+01
   1.6415061e+02   1.0945325e+02
   6.0568223e+01   1.2570162e+02
   1.6261169e+02   5.6632573e+01
   2.1277898e+01   2.3013037e+01
   6.4849738e+01   1.3436417e+02
   5.1322838e+01   1.0609046e+02
   1.1478304e+02   5.1822709e+01
   1.0005135e+02   2.3237100e+01
   3.0085174e+01   2.6386397e+01
   1.1691407e+02   1.6831578e+02
   8.2109392e+01   1.3023810e+02
   1.9742720e+01   9.9564502e+01
   7.2328197e+01   1.0218246e+02
   1.2880298e+02   8.0016084e+01
   1.8888220e+02   1.8787814e+02
   1.3072391e+02   1.3382238e+02
   1.8249619e+01   1.3356876e+02
   1.0140889e+02   4.1584013e+01
   7.5435248e+01   1.6427358e+02
   1.7416123e+01   3.9933860e+01
   8.8321771e+01   1.7288572e+01
   1.4036021e+02   1.3229949e+02
   2.4512929e+01   5.0906286e+01
   1.7129498e+02   1.6254544e+01
   8.2941071e+01   5.9251112e+01
   1.7403941e+02   1.3946968e+02
   9.0244714e+01   7.1575370e+01
   2.1430563e+01   1.9031651e+01
   1.5769438e+02   1.0082621e+02
   1.9139240e+01   1.2776568e+02
   8.1297597e+01   8.9829037e+01
   6.8593032e+01   7.6335758e+01
   1.1803054e+02   1.6614194e+02
   1.9247298e+01   3.5630487e+01
   1.8137922e+02   9.8518345e+01
   9.2711939e+01   1.2397141e+02
   1.7961331e+02   3.0837872e+01
   1.1724424e+02   7.9100988e+01
   8.4637603e+01   1.5684662e+02
   1.0949165e+02   1.7665775e+02
   2.7986368e+01   1.2014344e+02
   1.4732915e+02   1.8999521e+02
   2.0424109e+01   8.4393504e+01
   3.8757296e+01   1.6842714e+02
   1.1151187e+02   1.8446710e+02
   1.1916738e+02   1.8074980e+02
   4.8845322e+01   9.4952262e+01
   2.3788306e+01   6.3417617e+01
   7.0707339e+01   4.8871324e+01
   5.7540922e+01   5.9836943e+01
   1.6023291e+02   3.1204004e+01
   7.8304305e+01   1.5762421e+02
   8.1461307e+01   1.8375633e+02
   1.1630285e+02   3.0863980e+01
   1.0631940e+02   8.6508971e+01
   1.4398935e+02   4.1262966e+01
   1.7567725e+02   1.1057626e+02
   6.1702412e+01   6.7898588e+01
   1.7785736e+02   1.1526555e+02
   8.2309417e+01   1.6985900e+02
   1.6456148e+02   1.8716620e+02
   1.3810979e+02   1.0814396e+02
   1.5544419e+01   5.6112075e+01
   1.1758072e+02   1.4328486e+02
   5.1657719e+01   1.7524161e+01
   2.2058934e+01   9.5575644e+01
   7.9513842e+01   8.1076146e+01
   1.4036494e+02   1.7313720e+02
   4.7007876e+01   1.8039869e+02
   9.5949743e+01   1.5477762e+02
   9.7982803e+01   1.2274783e+02
   5.5904908e+01   1.4179617e+02
   1.5198619e+01   6.7022956e+01
   1.1987344e+02   1.8371220e+02
   2.5188270e+01   1.7839612e+02
   3.7004347e+01   1.5127701e+02
   1.4393774e+02   7.6119145e+01
   1.5785414e+02   8.8839938e+01
   9.5881022e+01   9.6484757e+01
   1.6372561e+02   1.8480721e+02
   6.8102447e+01   9.8584261e+01
   7.3690312e+01   1.3905918e+02
   1.6859935e+02   1.7300617e+02
   6.3489760e+01   1.6390450e+02
   1.1170141e+02   1.6348442e+02
   1.8422752e+02   1.2927439e+02
   1.6285077e+01   1.6442740e+02
   1.0170701e+02   2.5257599e+01
   1.8640863e+02   5.7200924e+01
   1.7253128e+02   1.6118960e+02
   6.4767616e+01   9.6024829e+01
   2.1552430e+01   4.2936131e+01
   1.3805636e+02   6.8101012e+01
   2.5791424e+01   1.6511223e+02
   1.5208251e+02   9.3132417e+01
   1.5065918e+02   1.3983751e+02
   1.1409496e+02   6.8285283e+01
   3.9105326e+01   1.3961511e+02
   1.8893693e+02   1.5680990e+02
   1.8505484e+02   2.5891145e+01
   1.0341831e+02   6.6893325e+01
   3.0453116e+01   9.0723162e+01
   8.3335256e+01   6.9497159e+01
   3.8941198e+01   3.5649720e+01
   1.1930661e+02   1.1296326e+02
   4.0970079e+01   2.2104387e+01
   1.5431823e+02   1.3784010e+02
   4.1473128e+01   5.1530670e+01
   1.3253662e+02   1.5132070e+02
   1.8402455e+02   1.3609566e+02
   1.0926938e+02   1.8378443e+02
   8.0933994e+01   1.0034229e+02
   4.1773507e+01   1.7074431e+02
   9.9799635e+01   2.8733373e+01
   1.0047311e+02   9.0898630e+01
   1.8010339e+02   3.5172040e+01
   1.6055785e+02   5.0408324e+01
   1.7250478e+01   1.0994514e+02
   2.9319848e+01   1.9279957e+01
   1.5488897e+02   1.8450061e+02
   1.5431306e+01   4.9221145e+01
   7.2837982e+01   5.7194908e+01
   1.3366401e+02   1.1858004e+02
   7.5462111e+01   1.0370589e+02
   1.4475481e+02   1.7671541e+02
   1.1066546e+02   1.0333496e+02
   1.0102004e+02   1.2220762e+01
   1.0568522e+02   1.5682473e+02
   1.7735251e+02   7.4207883e+01
   9.1902175e+01   1.8357451e+02
   1.5684418e+02   7.1640653e+01
   5.4405340e+01   2.8668280e+01
   1.7615365e+02   2.3549719e+01
   1.8069893e+02   6.9696150e+01
   1.5454231e+02   9.1670855e+01
   1.0363535e+02   4.4921466e+01
   1.4099029e+02   5.5767314e+01
   9.8703072e+01   1.1618976e+02
   1.0169386e+01   6.8567794e+01
   1.8524308e+02   1.6762188e+02
   1.1773052e+02   5.4282251e+01
   1.3997820e+02   9.4336263e+01
   2.9018267e+01   1.3815408e+02
   1.2419246e+02   1.1710806e+02
   1.3845046e+01   1.8134601e+02
   4.6596928e+01   8.0658625e+01
   1.3231574e+02   8.1552442e+01
   1.3854988e+02   5.9162903e+01
   1.5726632e+02   1.3835651e+02
   1.4287819e+02   1.8794832e+02
   1.8278805e+02   2.8424462e+01
   3.8910114e+01   9.7569925e+01
   1.4102676e+02   1.2920339e+02
   1.7866034e+02   8.6969517e+01
   1.1772004e+02   1.3701105e+02
   2.2470869e+01   1.7365785e+02
   2.4978929e+01   9.7423413e+01
   1.0842472e+02   3.6715783e+01
   3.4157284e+01   8.2181217e+01
   2.4824901e+01   1.0047623e+02
   1.8474041e+02   7.2257970e+01
   1.0868039e+02   6.2864745e+01
   1.6491736e+02   1.5904323e+02
   6.4880956e+01   1.8561084e+02
   8.7053069e+01   7.2045192e+01
   2.7400084e+01   7.4372123e+01
   6.8162295e+01   5.4191237e+01
   1.7385310e+02   3.4252746e+01
   1.6477944e+02   1.2576952e+02
   2.8939097e+01   1.4755341e+02
   4.7173895e+01   1.8892755e+01
   1.0397788e+02   6.0827637e+01
   7.4449631e+01   4.9877537e+01
   7.0009306e+01   1.3125378e+02
   6.0711189e+01   1.4668763e+02
   1.3321021e+02   2.6948158e+01
   2.6127389e+01   1.8575923e+02
   2.6354887e+01   4.2419748e+01
   1.4805054e+02   1.0088081e+02
   1.5148612e+02   2.8926318e+01
   3.5255935e+01   1.2240242e+02
   5.9916560e+01   5.2913245e+01
   1.8977753e+02   7.7237630e+01
   1.7712487e+02   1.8859571e+02
   1.5987546e+02   1.8671547e+02
   1.6856482e+02   6.9369852e+01
   5.2184103e+01   5.5771247e+01
   7.8261176e+01   1.7969355e+02
   1.1109870e+02   9.0204302e+01
   3.5193868e+01   1.0175843e+01
   9.1347260e+01   1.0538929e+02
   1.4522047e+02   1.2743971e+02
   1.2634293e+02   9.9951402e+01
   1.3104164e+02   1.2353452e+02
   1.7950627e+02   9.6294260e+01
   1.3675726e+02   1.0612705e+02
   7.6402269e+01   4.5759658e+01
   8.6194745e+01   2.9748249e+01
   7.3273553e+01   1.1047547e+02
   1.0255867e+02   1.8348043e+01
   3.0206227e+01   1.3496669e+02
   1.6482492e+02   1.3917564e+02
   8.2584633e+01   4.4608445e+01
   1.4669533e+01   1.4580490e+02
   1.2555127e+02   1.6612809e+02
   8.0966324e+01   1.1449297e+02
   5.1827101e+01   1.1867410e+02
   1.1353086e+02   8.3375757e+01
   1.0254845e+02   9.2886949e+01
   4.7611157e+01   1.0223556e+02
   1.3498952e+02   6.6259020e+01
   3.4501263e+01   3.5710781e+01
   1.6407319e+02   1.6925123e+02
   6.6157216e+01   1.3849410e+02
   3.6091924e+01   6.2695442e+01
   1.2810609e+02   1.3574630e+02
   9.0110052e+01   1.6843611e+02
   1.3110663e+02   1.8258362e+02
   5.4060787e+01   1.5377890e+02
   9.3757827e+01   1.7101472e+02
   1.2670994e+02   4.6941709e+01
   7.1966654e+01   1.7676013e+02
   3.9146770e+01   1.7168787e+02
   1.6859342e+02   1.7612810e+02
   7.1270603e+01   1.4260667e+02
   1.8675575e+02   1.3597877e+02
   6.9865926e+01   2.4929651e+01
   1.7194494e+02   1.7751051e+02
   9.6907346e+01   1.3817727e+02
   6.1746281e+01   7.2507591e+01
   1.2122036e+01   3.1969601e+01
   6.7366802e+01   6.7842681e+01
   6.6412050e+01   1.6468607e+02
   4.4438622e+01   1.2799538e+02
   1.1416727e+02   1.6346749e+02
   7.6898717e+01   7.3600139e+01
   1.8375967e+02   3.3217922e+01
   8.1541866e+01   4.1029162e+01
   4.9318325e+01   1.7720281e+02
   1.7103127e+01   1.5962599e+02
   1.3850219e+02   1.0563573e+01
   3.8277451e+01   1.1592731e+02
   5.0938938e+01   6.7669504e+01
   8.8572584e+01   9.2461744e+01
   7.5408022e+01   3.0389810e+01
   1.6499284e+02   3.4387799e+01
   2.5411311e+01   1.8117606e+02
   1.6335240e+02   1.0209943e+02
   1.3270875e+02   1.0205237e+02
   6.4919257e+01   6.0961720e+01
   1.0194778e+01   1.8145719e+02
   4.9494321e+01   8.6942468e+01
   1.2049512e+02   1.7451989e+02
   1.7976195e+02   1.6340046e+02
   9.4725490e+01   1.6418407e+02
   1.3329368e+02   1.6152888e+01
   1.3820609e+02   7.2583984e+01
   2.1722624e+01   1.5370283e+02
   9.1805023e+01   5.2992007e+01
   4.9696934e+01   7.0523049e+01
   1.5838518e+01   1.8815598e+02
   1.8330518e+02   1.0490227e+02
   7.8656464e+01   1.2790079e+02
   1.4649493e+02   7.3799028e+01
   1.6778069e+02   1.2757154e+02
   5.4168607e+01   6.7749489e+01
   8.6841662e+01   4.7537575e+01
   2.4111208e+01   1.0796348e+02
   2.6239246e+01   1.0403210e+02
   1.3095655e+02   4.3406011e+01
   3.7509540e+01   1.8234013e+02
   5.4821155e+01   1.4990362e+02
   3.6082227e+01   1.1995055e+02
   1.7981740e+02   4.8541913e+01
   7.5242155e+01   1.7500453e+02
   1.4712975e+02   1.6682773e+02
   2.5983600e+01   1.5648787e+02
   4.5900896e+01   6.3620732e+01
   6.1979994e+01   1.6034602e+02
   9.5286274e+01   2.5154806e+01
   7.0285444e+01   3.2054077e+01
   3.4806597e+01   1.2983466e+02
   1.7925203e+02   2.7926263e+01
   8.2216202e+01   8.1692415e+01
   6.8471668e+01   1.1345705e+02
   4.2288204e+01   1.5567363e+02
   1.3998777e+02   1.8520694e+02
   1.8809093e+02   1.6016296e+02
   1.6993649e+02   1.2569794e+02
   1.3836872e+02   3.4456619e+01
   3.5176525e+01   1.3676099e+02
   4.9469129e+01   1.5756580e+02
   7.9313469e+01   1.8784176e+02
   7.4250134e+01   1.1812143e+02
   4.6171429e+01   2.6510791e+01
   1.1408934e+02   1.3224428e+02
   1.6894774e+02   5.8627127e+01
   1.6365925e+02   1.1706721e+02
   6.4605274e+01   1.3159264e+01
   1.4216580e+02   1.0735334e+02
   1.2936733e+02   1.7262327e+02
   4.0118120e+01   1.4525894e+02
   1.0147531e+02   1.8640233e+02
   8.0867021e+01   1.0142021e+01
   3.5281848e+01   8.8301079e+01
   1.4880326e+02   1.2192851e+02
   9.1604272e+01   4.1972396e+01
   7.9884269e+01   1.2248296e+02
   9.0234627e+01   1.8959420e+02
   1.9975116e+01   1.8216465e+02
   1.1855871e+02   1.6118895e+02
   1.2867902e+02   1.5179473e+02
   1.6767942e+01   2.8564623e+01
   9.3448526e+01   1.4319829e+02
   1.8456568e+02   9.5258771e+01
   1.3418260e+02   1.3209769e+02
   2.6662263e+01   3.4060858e+01
   8.5424082e+01   1.6104290e+02
   8.7931327e+01   2.2042231e+01
   7.6665874e+01   1.1363264e+02
   2.1524260e+01   1.2791055e+02
   1.6389518e+02   1.6303785e+02
   1.5768819e+02   7.4152595e+01
   1.6675783e+02   2.8760446e+01
   5.9361522e+01   1.1061223e+02
   8.4252481e+01   3.1593980e+01
   1.7624782e+02   3.1398891e+01
   2.2553416e+01   3.1052271e+01
   9.7711469e+01   1.7370930e+02
   9.8241876e+01   1.4251373e+02
   5.1274849e+01   1.1607422e+02
   4.6019452e+01   1.0412963e+02
   3.9504997e+01   1.8419325e+02
   1.1016008e+01   8.1998926e+01
   3.6568269e+01   1.5703180e+02
   1.4636223e+02   1.3885313e+02
   2.9685865e+01   1.0592667e+02
   1.1910342e+02   6.8468998e+01
   9.4779063e+01   7.2997113e+01
   7.4162462e+01   4.4910460e+01
   4.0177036e+01   5.3763416e+01
   5.7474543e+01   1.2966811e+01
   4.8128673e+01   1.3645521e+02
   6.0074173e+01   9.1818619e+01
   1.7399596e+02   9.3442247e+01
   7.4395485e+01   6.1978746e+01
   1.9431819e+01   1.4434085e+02
   1.7917619e+02   1.8256440e+02
   1.0170159e+02   1.8162546e+02
   1.4116013e+02   5.8717846e+01
   1.3872810e+02   1.4576914e+02
   1.3567038e+02   1.2484068e+02
   3.9460861e+01   1.5219302e+02
   9.4895148e+01   1.1618967e+02
   5.2358711e+01   1.9790548e+01
   1.4676585e+02   8.7380837e+01
   1.8803306e+02   1.4043669e+02
   1.0602232e+01   1.4740824e+02
   1.7326948e+02   6.8011312e+01
   1.5595133e+02   3.1952402e+01
   7.3678738e+01   1.2305769e+02
   1.3141686e+02   1.0404350e+02
   1.6093270e+02   1.4419395e+02
   1.2408754e+02   7.1260978e+01
   1.2700373e+02   1.2812777e+02
   1.7893284e+02   1.0427850e+01
   5.2023585e+01   1.6361633e+02
   1.2035926e+02   1.8952811e+02
   1.6443160e+01   8.9876771e+01
   1.4836529e+02   9.7215342e+01
   8.6320756e+01   1.4216750e+01
   1.0247197e+02   1.4544546e+02
   9.6497484e+01   9.8980018e+01
   7.8463255e+01   1.6332492e+02
   7.6909195e+01   1.3691516e+02
   1.0578869e+02   9.2696099e+01
   1.1907270e+02   1.0688488e+02
   8.5961726e+01   3.5356487e+01
   7.0714529e+01   1.5088990e+02
   2.7554893e+01   1.8349874e+02
   1.7913010e+02   4.5372536e+01
   1.8844887e+02   7.3776659e+01
   1.3784940e+02   1.8854401e+02
   1.1465451e+02   1.2932434e+02
   1.8289993e+02   1.6016803e+02
   5.4287624e+01   3.3458680e+01
   7.4697486e+01   1.0680262e+01
   1.4322594e+02   1.3328576e+02
   1.7268674e+02   1.1569909e+02
   7.0294604e+01   1.0808353e+02
   1.0375156e+02   3.2443463e+01
   1.3700284e+02   1.8308709e+02
   1.2177644e+01   2.1308471e+01
   1.1917065e+02   1.4109780e+02
   1.2752363e+02   1.1099340e+02
   1.8917697e+02   6.9911087e+01
   1.5142020e+02   1.5433649e+02
   1.9299054e+01   1.6253026e+02
   1.5240008e+02   3.1244314e+01
   9.7481207e+01   5.0905745e+01
   1.1224564e+02   1.5711631e+02
   1.1393453e+02   1.4809395e+02
   9.8738413e+01   1.8559857e+02
   4.6188990e+01   1.4406784e+02
   1.1239144e+02   1.8777631e+02
   8.0437412e+01   6.9337269e+01
   1.1972694e+02   9.6551078e+01
   1.6647273e+02   1.8957311e+02
   8.5448167e+01   1.2314801e+02
   1.7395784e+02   1.0582740e+02
   9.9864213e+01   1.2071919e+02
   4.9884598e+01   1.6089582e+02
   1.1444786e+02   1.1139709e+02
   9.8644916e+01   9.4373029e+01
   1.7570791e+02   1.3291416e+02
   4.5023532e+01   1.8365188e+02
   6.7813102e+01   1.7466130e+01
   1.4936406e+02   9.4052697e+01
   1.6900958e+02   3.8609668e+01
   9.8044486e+01   8.7947273e+01
   2.7782934e+01   8.2830175e+01
   4.6571948e+01   9.9735581e+01
   1.3859439e+02   1.3593687e+02
   1.2931300e+02   1.7644257e+02
   1.5859949e+02   1.5708525e+02
   1.5038348e+02   3.7248775e+01
   1.4697438e+02   1.6186215e+02
   9.5739414e+01   6.0328785e+01
   1.0893040e+01   1.5935025e+02
   4.3085269e+01   8.5267845e+01
   1.2434186e+02   2.9780243e+01
   1.7427511e+02   6.3583066e+01
   1.3609091e+02   1.0281138e+02
   2.7270127e+01   1.5325955e+02
   2.0501870e+01   1.0961270e+02
   1.5674423e+02   1.4372262e+02
   1.5506897e+02   1.0771042e+02
   1.6322530e+02   1.7439233e+02
   5.1428713e+01   9.4553185e+01
   1.4767283e+02   2.5760234e+01
   4.2981675e+01   9.1598358e+01
   1.5872326e+02   1.1118166e+02
   1.0484658e+02   1.3762135e+02
   1.8992059e+02   1.2355597e+02
   6.1636352e+01   1.7939992e+02
   5.4526446e+01   2.3275196e+01
   1.7529547e+02   1.0806018e+02
   1.4612402e+02   9.8503972e+01
   1.5191732e+02   7.8186170e+01
   6.1004423e+01   4.4776219e+01
   1.0943308e+02   4.3537661e+01
   1.5944237e+02   9.5620832e+01
   1.3954917e+02   1.6006727e+02
   7.5804401e+01   7.0254129e+01
   1.6636156e+02   1.9992932e+01
   1.8888415e+02   3.4786332e+01
   1.5826105e+02   2.8051365e+01
   3.6286528e+01   7.7342675e+01
   7.6257692e+01   9.0257298e+01
   5.0970747e+01   5.0815557e+01
   5.8178307e+01   6.2415393e+01
   9.0686034e+01   3.0659266e+01
   1.0661960e+02   1.5238784e+02
   1.0629307e+02   7.2427892e+01
   1.3534226e+02   3.7380554e+01
   9.6766714e+01   2.3071963e+01
   1.0256443e+02   5.6579382e+01
   1.1904464e+02   1.6979039e+02
   1.2456791e+02   1.2112948e+02
   6.0789218e+01   1.3831436e+02
   1.0724643e+02   1.0960498e+02
   1.1159177e+02   5.9591337e+01
   1.3017257e+02   1.6732681e+02
   1.5251193e+02   1.0258535e+02
   1.5048331e+02   4.1448585e+01
   9.5004392e+01   1.4773891e+02
   1.7911748e+02   1.1966498e+02
   1.5328711e+02   1.0609780e+02
   6.8130868e+01   7.2549170e+01
   5.5690522e+01   1.0882349e+02
   4.5906323e+01   1.2144705e+01
   1.4642034e+02   1.1175921e+02
   9.9779320e+01   6.8609763e+01
   9.2599002e+01   1.3704090e+02
   1.2704249e+01   5.9161839e+01
   1.6400302e+02   5.4711707e+01
   1.1519913e+02   2.6830648e+01
   1.4709924e+02   4.1264526e+01
   5.4326970e+01   8.5893229e+01
   1.2706431e+02   2.2766008e+01
   7.5220224e+01   8.3487755e+01
   8.6570616e+01   1.0968633e+02
   1.5930356e+02   1.1086572e+01
   7.0250870e+01   1.4789743e+02
   1.8281202e+02   7.6713728e+01
   4.3227903e+01   1.0798215e+02
   1.5356030e+02   1.4953236e+02
   4.2550936e+01   1.1360536e+02
   7.1984797e+01   1.9794144e+01
   1.0459641e+02   1.2345587e+02
   1.0177144e+01   1.1823930e+02
   3.1450464e+01   1.6150078e+02
   1.7998952e+02   1.3130418e+02
   5.9577690e+01   1.4321812e+02
   1.0727446e+02   6.0144916e+01
   1.1198434e+01   2.3515483e+01
   1.7870202e+02   1.5269784e+02
   3.3693562e+01   1.8947595e+02
   1.4887753e+02   1.0560145e+02
   3.0320827e+01   5.3712258e+01
   5.0406557e+01   1.5285007e+02
   1.4155302e+02   1.3618991e+02
   4.8667484e+01   1.8598847e+02
   1.6858709e+02   1.8578492e+02
   1.7528251e+02   1.6389162e+02
   1.8118013e+02   1.2344455e+02
   4.5673763e+01   9.2908152e+01
   3.1782297e+01   9.9333165e+01
   9.7495854e+01   1.6504949e+02
   1.4817358e+01   5.2411314e+01
   3.0284535e+01   1.1044033e+02
   5.1841015e+01   8.8233992e+01
   6.8938249e+01   1.7779626e+02
   1.7744920e+02   1.2908378e+02
   1.2851342e+02   1.2408706e+02
   1.2860944e+02   1.3854436e+02
   1.5683612e+02   1.8195801e+02
   3.6185622e+01   1.6935326e+02
   1.8604558e+02   8.2157884e+01
   1.3174372e+02   5.2221199e+01
   2.0553185e+01   1.6992964e+02
   1.0044409e+02   1.4766264e+02
   1.4919729e+02   1.4090928e+01
   1.1416937e+02   9.2207718e+01
   1.0091532e+02   9.5143878e+01
   1.5604341e+02   1.5837628e+02
   1.2418782e+02   1.5839805e+02
   1.7780936e+02   7.1025517e+01
   5.9766241e+01   1.1709608e+02
   1.2016314e+02   1.1223446e+01
   1.4957246e+02   1.6893573e+02
   1.3313421e+02   1.4592209e+02
   6.2858307e+01   1.0619883e+02
   6.4243804e+01   1.6636979e+02
   1.1210180e+02   4.8185134e+01
   1.5581041e+01   1.2874360e+02
   9.1887982e+01   1.1262463e+02
   1.1932094e+02   9.9611629e+01
   4.6119819e+01   7.5050347e+01
   1.8400663e+01   5.6656875e+01
   1.5806868e+02   1.4212634e+01
   4.9250857e+01   6.3521704e+01
   5.7498660e+01   4.2647867e+01
   1.5630551e+02   1.2524261e+01
   1.8625894e+02   1.7441135e+02
   1.5285776e+02   1.2503100e+02
   1.1110020e+02   6.7810364e+01
   5.4471797e+01   1.5414443e+01
   7.4451221e+01   9.8344167e+01
   1.0122030e+02   8.3592897e+01
   1.5707205e+02   1.4629396e+02
   1.3511836e+02   1.7595130e+02
   1.5567750e+02   1.6711100e+02
   1.6110982e+02   5.4661515e+01
   7.2520845e+01   7.9705198e+01
   3.9555676e+01   5.9116166e+01
   5.0669721e+01   2.9636476e+01
   1.2124981e+02   2.2047241e+01
   8.7948154e+01   1.3958175e+02
   1.3705064e+02   1.0030074e+02
   1.6535076e+02   1.6541393e+02
   3.8605771e+01   1.7935438e+01
   4.2134306e+01   1.6189875e+02
   2.2816337e+01   7.9801082e+01
   1.2191966e+02   9.5563212e+01
   1.3927706e+01   1.4813426e+02
   1.3835760e+02   1.6460624e+02
   1.4216730e+02   4.8435520e+01
   1.2974973e+02   1.1481646e+02
   2.4414376e+01   3.7519270e+01
   1.5746306e+02   4.4329082e+01
   1.5072986e+02   1.8319669e+02
   1.2392030e+02   1.2507225e+02
   1.2157471e+02   5.6028105e+01
   1.0966052e+02   4.0952403e+01
   1.0932104e+02   1.3119449e+02
   1.0837037e+02   6.7125876e+01
   1.8129179e+02   1.4030388e+02
   1.3103581e+02   1.2703334e+02
   1.7485354e+02   8.1859334e+01
   1.2440479e+02   1.8661172e+02
   1.8601840e+02   7.8454534e+01
   9.4370682e+01   6.8697150e+01
   2.8127075e+01   9.8600031e+01
   9.2416537e+01   9.7594682e+01
   1.3451098e+02   1.2149507e+02
   8.8999190e+01   1.8511359e+02
   1.2392054e+02   5.7780554e+01
   1.7103538e+02   1.2314768e+02
   1.1241840e+02   1.3443492e+02
   7.1043809e+01   1.3751059e+02
   1.6485180e+02   1.0743056e+01
   4.2566158e+01   1.2542290e+02
   6.7289569e+01   8.5831521e+01
   6.8026472e+01   1.8990864e+02
   1.4396118e+02   8.3552753e+01
   1.7780292e+02   1.3480592e+02
   1.5082983e+02   1.3288851e+02
   1.3491376e+02   5.6795986e+01
   1.3636984e+02   1.1700859e+02
   6.4391789e+01   9.0189726e+01
   6.0307032e+01   7.0259104e+01
   1.6389073e+02   7.4791549e+01
   1.4028033e+02   1.4134442e+02
   6.6319223e+01   1.6796528e+02
   1.8689648e+02   3.1650739e+01
   8.1969505e+01   3.7757265e+01
   1.5515308e+02   2.3129783e+01
   3.8411174e+01   1.2682742e+02
   9.7543493e+01   1.2424019e+01
   1.2500914e+02   4.2136710e+01
   1.4529859e+02   1.6902527e+02
   1.4450320e+02   6.8547553e+01
   1.3495714e+02   4.9954605e+01
   1.6153161e+02   3.3210396e+01
   3.7339232e+01   1.7447682e+02
   1.0222862e+02   1.7451792e+02
   1.0164632e+02   1.1854365e+02
   1.2819125e+02   1.7878291e+01
   8.2388230e+01   2.6096861e+01
   1.1770542e+02   1.4806220e+02
   5.4788301e+01   4.9309759e+01
   1.4621622e+02   1.3025922e+02
   4.0107326e+01   9.1235170e+01
   8.8507035e+01   1.7828916e+02
   1.2248262e+02   1.3391982e+02
   1.1114756e+02   5.1762850e+01
   8.3295579e+01   9.8281107e+01
   4.6507829e+01   1.6825429e+02
   9.7225457e+01   1.3043647e+02
   2.5708605e+01   5.3881289e+01
   5.5101618e+01   1.2018995e+02
   1.8603300e+02   2.0183725e+01
   1.4945163e+02   4.8461613e+01
   8.0210018e+01   5.9195242e+01
   4.9305434e+01   1.4703603e+02
   1.2642783e+02   1.7865167e+02
   1.1246820e+02   1.5468602e+02
   1.2610010e+01   1.2236268e+02
   3.0570720e+01   1.3990830e+02
   1.5440022e+02   1.6142035e+02
   1.5247042e+02   1.6490478e+02
   1.2028599e+02   5.3137610e+01
   1.2119408e+02   7.7410269e+01
   1.8874848e+02   9.1335423e+01
   1.3139953e+02   7.4940793e+01
   7.2957018e+01   1.5616722e+02
   6.5713372e+01   1.2653201e+02
   1.2074764e+02   8.7732563e+01
   1.5150693e+02   5.1398939e+01
   5.2801833e+01   1.2872403e+02
   1.4657336e+02   6.1507885e+01
   9.6565994e+01   1.7964452e+02
   3.0448076e+01   1.8130336e+02
   1.0907956e+02   1.3404119e+02
   7.0366360e+01   8.1803785e+01
   1.8656006e+02   8.5803543e+01
   1.0641096e+02   1.5946397e+02
   1.4164539e+02   1.6620102e+02
   1.0360609e+02   6.4516323e+01
   4.0420858e+01   8.1813017e+01
   9.4754252e+01   2.1103523e+01
   1.8720655e+02   5.3516966e+01
   1.7163163e+02   8.4450669e+01
   1.4468026e+02   1.3716683e+02
   1.6985761e+02   7.4762921e+01
   9.5570462e+01   8.2800369e+01
   1.5211958e+01   1.7978895e+01
   8.3850482e+01   5.5532650e+01
   3.3550848e+01   1.5593608e+02
   1.8544231e+02   1.6523173e+02
   1.8185777e+02   5.3291153e+01
   4.6382532e+01   8.6715592e+01
   6.2210017e+01   1.7677431e+02
   1.6915982e+02   2.8132367e+01
   1.7336195e+02   1.8020959e+02
   1.1377992e+02   5.4335124e+01
   1.5330617e+02   1.8661337e+01
   6.6294975e+01   1.1943338e+02
   1.0315894e+02   1.2736822e+02
   1.1223162e+02   3.7884227e+01
   1.1352222e+02   1.6706968e+02
   9.0545097e+01   1.4639475e+02
   1.3363140e+02   1.0923163e+02
   1.5482206e+02   1.1053722e+02
   1.4583167e+02   8.0437845e+01
   2.6524953e+01   3.8971129e+01
   1.8197828e+02   1.4448614e+02
   3.7673127e+01   3.2002408e+01
   7.9598003e+01   1.0820404e+02
   7.7525039e+01   6.7117794e+01
   1.1396615e+02   7.7784724e+01
   1.1245793e+02   4.0656162e+01
   9.9416144e+01   7.4621872e+01
   1.2208123e+02   1.8175696e+02
   1.0826378e+02   1.1329770e+02
   1.5104080e+02   5.7805340e+01
   3.6767439e+01   6.9404681e+01
   8.8415731e+01   5.4210863e+01
   4.8546573e+01   1.4427340e+02
   5.0438723e+01   4.2053883e+01
   3.6231793e+01   1.8831245e+02
   1.8715281e+02   1.1047278e+01
   7.4013252e+01   7.3996572e+01
   4.3396358e+01   9.4133364e+01
   2.3688934e+01   2.5343367e+01
   1.8495645e+02   5.4241835e+01
   1.9051911e+01   6.9021935e+01
   4.8858000e+01   2.0637374e+01
   2.2828929e+01   1.1036749e+02
   3.2184525e+01   6.0123938e+01
   5.7956520e+01   1.0067360e+02
   7.5397930e+01   9.4307089e+01
   1.7564698e+02   6.8451922e+01
   1.0448798e+02   3.5500971e+01
   1.1836146e+02   1.5864980e+02
   5.2615534e+01   3.6649824e+01
   3.8236192e+01   7.9113008e+01
   5.0070928e+01   4.7094420e+01
   1.4562424e+02   7.7755392e+01
   1.8757988e+02   1.8118527e+02
   1.5957457e+01   7.3560694e+01
   1.8423176e+02   1.5563788e+02
   1.3752525e+01   9.4586625e+01
   1.8128764e+02   1.7497810e+02
   7.0976526e+01   5.2196620e+01
   1.5031569e+01   1.5806780e+02
   8.8889019e+01   8.2392421e+01
   1.2191188e+02   1.6703996e+02
   1.1256599e+01   7.5090857e+01
   9.0824034e+01   1.1565017e+02
   6.4988332e+01   6.5731452e+01
   6.8510247e+01   6.2328961e+01
   1.7327388e+02   1.1276182e+02
   7.0560536e+01   1.5402966e+02
   1.4811214e+02   1.3184234e+02
   1.6927710e+02   6.5392514e+01
   5.3626728e+01   1.1430148e+01
   5.7030513e+01   1.5075885e+02
   1.6628431e+02   1.0222839e+02
   9.2461563e+01   1.6597706e+02
   1.9862304e+01   1.5607492e+02
   7.1364921e+01   8.6930387e+01
   3.7667479e+01   1.6445594e+02
   1.6768682e+02   1.3068774e+02
   8.3272606e+01   1.1534205e+02
   1.6848825e+02   1.4043291e+02
   1.5953756e+02   1.1398152e+02
   5.1687996e+01   1.4562735e+02
   6.3371252e+01   1.8344966e+02
   7.8316031e+01   6.4192314e+01
   3.6159330e+01   1.7988917e+02
   1.3233312e+02   1.7778846e+02
   9.8487236e+01   1.5582558e+02
   1.8616987e+02   1.4212344e+02
   1.6594629e+02   4.1523730e+01
   1.4192625e+01   3.3277001e+01
   7.7012793e+01   1.1732136e+02
   9.1111527e+01   2.6827583e+01
   1.7733404e+02   1.6708743e+02
   1.2151328e+02   1.2928322e+02
   1.8097479e+02   7.2955269e+01
   1.7846647e+02   1.4946939e+02
   7.1926079e+01   1.2853895e+02
   2.8544107e+01   4.8545960e+01
   2.3089215e+01   1.5844292e+02
   1.2033964e+02   6.4925897e+01
   9.3843948e+01   4.6900914e+01
   1.2117782e+02   8.4138199e+01
   1.2963363e+01   9.0687764e+01
   1.7426806e+01   1.8293722e+02
   1.0588928e+02   2.4758801e+01
   7.2838187e+01   1.1291998e+02
   1.5548201e+02   1.4772025e+01
   1.7171348e+01   1.7005528e+02
   1.0251006e+02   8.7722990e+01
   6.9636645e+01   9.5417050e+01
   1.8590473e+02   1.5189824e+02
   1.3231745e+02   5.6516499e+01
   6.4017274e+01   1.8962543e+02
   7.1667497e+01   1.1633340e+02
   1.8940183e+02   8.5558549e+01
   1.1918669e+02   2.9810064e+01
   1.7098705e+02   1.8703580e+01
   1.1431863e+02   1.0265229e+02
   3.2210909e+01   1.8085573e+01
   1.8203505e+02   1.0821567e+02
   1.8143367e+02   9.0059907e+01
   1.2843149e+01   1.3558652e+02
   1.8943190e+02   3.9514723e+01
   1.2189459e+02   1.0081654e+02
   1.7002180e+02   8.6477420e+01
   1.0396607e+02   1.4824055e+02
   1.3644897e+02   1.1066455e+02
   9.0887129e+01   1.7822245e+02
   6.5567204e+01   1.1017322e+02
   2.8107914e+01   1.6311245e+02
   1.2867016e+02   1.0366405e+02
   5.5079782e+01   1.6691945e+02
   1.3258524e+02   1.1317434e+02
   1.7472281e+02   4.1752817e+01
   8.8675195e+01   1.0539869e+02
   1.1659112e+02   1.1891574e+02
   3.1926876e+01   8.1455228e+01
   3.6113346e+01   1.4292091e+01
   1.6510218e+02   4.7127017e+01
   1.5566791e+02   3.9374899e+01
   2.4830840e+01   1.5235607e+01
   1.5378002e+02   3.4449220e+01
   1.6488493e+02   8.3638798e+01
   2.2349728e+01   1.1673982e+02
   6.5377419e+01   1.3103940e+02
   1.2353085e+02   9.1124449e+01
   1.3601984e+02   8.8495006e+01
   5.6511994e+01   6.5851267e+01
   1.1959722e+02   3.2636035e+01
   6.0942700e+01   6.0049986e+01
   1.2080928e+02   1.5794394e+02
   8.4709087e+01   4.6400243e+01
   3.7450163e+01   8.5630817e+01
   1.7823013e+01   6.5987558e+01
   1.1732548e+02   1.7565735e+02
   8.0229573e+01   1.5051198e+02
   9.5965877e+01   1.8949328e+02
   1.8282800e+02   1.9381327e+01
   1.4182709e+02   6.4325208e+01
   5.9568526e+01   1.5059929e+02
   1.5984122e+02   8.3453165e+01
   3.4733532e+01   2.8176528e+01
   1.5302854e+01   8.5560944e+01
   8.2367839e+01   1.1078039e+02
   6.0194457e+01   9.4586098e+01
   5.4323761e+01   1.0143699e+02
   5.6502412e+01   7.6038641e+01
   4.2415312e+01   1.3740716e+02
   1.1793211e+02   6.5007963e+01
   3.3896279e+01   1.7572845e+02
   9.5611991e+01   1.5755197e+02
   1.8982398e+02   1.6280769e+02
   1.6817632e+02   1.1141860e+02
   5.5985880e+01   1.6447786e+02
   9.1805961e+01   6.6797516e+01
   1.6043944e+02   1.2102631e+02
   3.7163143e+01   5.6036173e+01
   1.5240722e+02   6.5967689e+01
   1.2503500e+02   3.9264974e+01
   3.9106918e+01   1.2971346e+02
   9.0812342e+01   1.8062304e+02
   1.2264799e+01   1.6426970e+02
   1.3697806e+02   1.6664556e+02
   1.0540142e+02   5.0536616e+01
   7.7496449e+01   9.8396013e+01
   6.2504177e+01   7.9924268e+01
   1.1556106e+02   1.8349752e+02
